//====================================================================
//ステージトラップスクリプト
//====================================================================

#ScriptTable

//--------------------------------------------------------------------
INIT
{

//  -------  no typ     tip      x    y   z    mot  向 状  000+++++++010+++++++020+++++++030+++++++040+++++++050+++++++060+++++++070+++++++080+++++++090+++++++100+++++++110+++++++120+++++++130+++++++140+++++++150+++++++160+++++++170+++++++180+++++++190+++++++200+++++++210+++++++220+++++++230+++++++240+++++++250++
//■階段
	set_chr( 90,537,	3,1,   450,-300,  0,  	 0,  0,	0,";")			//階段下（神殿）,"K0_1;"
	set_chr( 91,538,	4,1,  -450,-300,  0,  	 0,  0,	6,"K0_10008;")	//階段上（神殿）

//■キャラクター

//一般でスクリプトチェックに使用。
//一気に全キャラ読むと落ちるので、
//前半後半を分けて不要なキャラはコメントアウトしてます。

/*
	set_chr( 10,043,	1,1,   -300,0000,  0,  	 2,  0,	20,"") //アネット
	set_chr( 11,044,	1,1,   0200,0000,  0,  	 2,  0,	20,"") //テオ
	set_chr( 12,045,	1,1,   0700,0000,  0,  	 2,  0,	20,"") //グレイン
	set_chr( 13,046,	1,1,   1200,0000,  0,  	 2,  0,	20,"") //カルディナ
	set_chr( 14,047,	1,1,   1700,0000,  0,  	 2,  0,	20,"") //イザベラ

	set_chr( 15,048,	1,1,   -300,0500,  0,  	 2,  0,	20,"") //ホアン
	set_chr( 16,049,	1,1,   0200,0500,  0,  	 2,  0,	20,"") //マオ
	set_chr( 17,055,	1,1,   0700,0500,  0,  	 2,  0,	20,"") //ハティ
	set_chr( 18,056,	1,1,   1200,0500,  0,  	 2,  0,	20,"") //ニップル
	set_chr( 19,057,	1,1,   1700,0500,  0,  	 2,  0,	20,"") //コリン

	set_chr( 20,060,	1,1,   -300,1000,  0,  	 2,  0,	20,"") //カラス
	set_chr( 21,061,	1,1,   0200,1000,  0,  	 2,  0,	20,"") //ガシュレー
	set_chr( 22,063,	1,1,   0700,1000,  0,  	 2,  0,	20,"") //ノートン
	set_chr( 23,064,	1,1,   1200,1000,  0,  	 2,  0,	20,"") //ビアンス
	set_chr( 24,072,	1,1,   1700,1000,  0,  	 2,  0,	20,"") //ヒコメ

	set_chr( 25,082,	1,1,   -300,1500,  0,  	 2,  0,	20,"") //ロッテ
	set_chr( 26,080,	1,1,   0200,1500,  0,  	 2,  0,	20,"") //カッパ
	set_chr( 27,081,	1,1,   0700,1500,  0,  	 2,  0,	20,"") //ジョー
	set_chr( 28,084,	1,1,   1200,1500,  0,  	 2,  0,	20,"") //マリン
	set_chr( 29,086,	1,1,   1700,1500,  0,  	 2,  0,	20,"") //ジョー
*/
/*
	set_chr( 30,024,	1,4,   -300,0000,  0,  	 2,  0,	20,"") //テンザン
	set_chr( 31,027,	1,4,   0200,0000,  0,  	 2,  0,	20,"") //テルミドール
	set_chr( 32,029,	1,4,   0700,0000,  0,  	 2,  0,	20,"") //ミリアム
	set_chr( 33,023,	1,4,   1200,0000,  0,  	 2,  0,	20,"") //ラーライラ
	set_chr( 34,019,	1,4,   1700,0000,  0,  	 2,  0,	20,"") //オデッサ

	set_chr( 35,021,	1,4,   -300,0500,  0,  	 2,  0,	20,"") //ギャランドゥ
	set_chr( 36,020,	1,4,   0200,0500,  0,  	 2,  0,	20,"") //スバル
	set_chr( 37,002,	1,4,   0650,0500,  0,  	 2,  0,	20,"") //ポックル
	set_chr( 38,003,	1,4,   0750,0500,  0,  	 2,  0,	20,"") //ピピロ
	set_chr( 39,016,	1,4,   1200,0500,  0,  	 2,  0,	20,"") //フィオナ
	set_chr( 40,018,	1,4,   1700,0500,  0,  	 2,  0,	20,"") //クロード

*/

	set_chr( 30,050,	1,4,   -300,0000,  0,  	 2,  0,	20,"") //50セフィーラ
	set_chr( 31,051,	1,4,   0200,0000,  0,  	 2,  0,	20,"") //51ｼｪｽﾀｰ
	set_chr( 32,054,	1,4,   0700,0000,  0,  	 2,  0,	20,"") //54モーリス
	set_chr( 33,088,	1,4,   1200,0000,  0,  	 2,  0,	20,"") //88背広モーリス
	set_chr( 34,058,	1,4,   1700,0000,  0,  	 2,  0,	20,"") //58バーミリア

	set_chr( 35,071,	1,4,   -300,0500,  0,  	 2,  0,	20,"") //71ウェード
	set_chr( 36,074,	1,4,   0200,0500,  0,  	 2,  0,	20,"") //74ダイゴロー
	set_chr( 37,075,	1,4,   0700,0500,  0,  	 2,  0,	20,"") //75ヤサク
	set_chr( 38,077,	1,4,   1200,0500,  0,  	 2,  0,	20,"") //77ルリ
	set_chr( 39,078,	1,4,   1700,0500,  0,  	 2,  0,	20,"") //78アカネ

	set_chr( 40,079,	1,4,   -300,1000,  0,  	 2,  0,	20,"") //79ニンジャ
	set_chr( 41,089,	1,4,   0200,1000,  0,  	 2,  0,	20,"") //89くの一
	set_chr( 42,040,	1,4,   0700,1000,  0,  	 2,  0,	20,"") //40アンナ
	set_chr( 43,041,	1,4,   1200,1000,  0,  	 2,  0,	20,"") //41ヘレナ
	set_chr( 44,042,	1,4,   1700,1000,  0,  	 2,  0,	20,"") //42アンジェ

	set_chr( 45,083,	1,4,   -300,1500,  0,  	 2,  0,	20,"") //83クリース
	set_chr( 46,011,	1,4,   0200,1500,  0,  	 2,  0,	20,"") //少年ラグナ
	set_chr( 47,087,	1,4,   0700,1500,  0,  	 2,  0,	20,"") //少女ミア

	set_chr( 48,052,	3,4,   -300,0000,  0,  	 2,  0,	20,"") //リプトン
	set_chr( 49,053,	3,4,   0200,0000,  0,  	 2,  0,	20,"") //モンドリアン
	set_chr( 50,059,	3,4,   0700,0000,  0,  	 2,  0,	20,"") //ゲン
	set_chr( 51,065,	3,4,   1200,0000,  0,  	 2,  0,	20,"") //ワイゼン
	set_chr( 52,066,	3,4,   1700,0000,  0,  	 2,  0,	20,"") //ラウニ

	set_chr( 53,067, 3,4,   -300,0500,  0,  	 2,  0,	20,"") //バロム
	set_chr( 54,068,	3,4,   0200,0500,  0,  	 2,  0,	20,"") //アルベール
	set_chr( 55,069,	3,4,   0700,0500,  0,  	 2,  0,	20,"") //マーサ
	set_chr( 56,070,	3,4,   1200,0500,  0,  	 2,  0,	20,"") //フェデリカ
	set_chr( 57,073,	3,4,   1700,0500,  0,  	 2,  0,	20,"") //サラサ

	set_chr( 58,076,	3,4,   -300,1000,  0,  	 2,  0,	20,"") //カイ
	set_chr( 59,085,	3,4,   0200,1000,  0,  	 2,  0,	20,"") //リッキー
	set_chr( 60,097,	3,4,   0700,1000,  0,  	 2,  0,	20,"") //カイ忍者服
	set_chr( 61,062,	3,4,   1200,1000,  0,  	 2,  0,	20,"") //カイ包帯

	set_chr( 61,081,	3,4,   -300,1500,  0,  	 2,  0,	20,"") //ペンギン
	set_chr( 61,1006,	3,4,   -100,1500,  0,  	 2,  0,	20,"") //ペンギン仲間用
	set_chr( 61,1106,	3,4,   0200,1500,  0,  	 2,  0,	20,"") //イワトビペンギン


}

#EndScriptTable
//====================================================================

