/////////////////////////////////////////////////////////////////////////////////////////////////////
//　　キャラクタ`通常モ`ション定x６４*128までらしい
//   移婴浯C中のモ`ション定x
/////////////////////////////////////////////////////////////////////////////////////////////////////

//■■■■■■■■■■■■■■■■■■■■■■■■■■■■■■■■■■■■■■■■
#CharMotTable:0004//アルウェン用モ`ション
//filename
ch_004m.it3

//■■■■■■■■■■■■■■■■■■■■■■■■■■■■■■■■■■■■■■■
//基本アクション
//■■■■■■■■■■■■■■■■■■■■■■■■■■■■■■■■■■■■■■■

	SET 00 00	1320 1344  -01 00	//步き
	SET 01 01	0350 0367  -01 00	//走り
	SET 02 02	0005 0084  -01 00	//待C(武器あり)

		//瞬き命令//////////
		if_mF0>	0
		{
			mF0_add -1 -1 1

			if_mF0=	2
				KAO -1 -1 1 3 1 0
			el_mF0=	4
				KAO -1 -1 1 2 1 0
			el_mF0=	5
				KAO -1 -1 1 1 1 0
			el_mF0=	6
				mF0_set	-1	-1	0
		}
		el_RAND 60
		{
			mF0_set	2	-1	1
			mF0_set	1	-1	1
			mF0_set	0	-1	1
		}
		if_mF0= 0
		{
			KAO 2 5 1 1 1
		}
		////////////////////


	SET 03 -1	0280 0305  -01 00	//ジャンプ
	SET 04 -1	0250 0266  -01 00	//ジャンプ２(垂直ジャンプ)
	SET 05 01	0340 0343  -01 00	//ジャンプ着地→走り
	SET 06 -1	0272 0274  002 07	//ジャンプ着地
	SET 07 -1	0375 0383  002 05	//急停止
	SET 08 -1	0385 0390  -01 00	//落下中
	SET 09 08	0312 0333  -01 00	//２段ジャンプ
	//エフェクト
		E_LeftToes_End	01	0359	3060 100 0 0	//踏みzみ土
		E_RightToes_End	01	0367	3060 100 0 0	//踏みzみ土

		E_charbase0		03	0280	24550 100 0 0	//ジャンプ土
		E_charbase0		04	0250	24550 100 0 0	//ジャンプ土
		E_charbase0		05	0340	24550 100 0 0	//着地土
		E_charbase0		06	0270	24550 100 0 0	//着地土
		E_LeftToes_End	07	0379	3060 100 0 0	//踏みzみ土

		E_charbase0		09	0312	24550 100 0 0	//月步




//■■■■■■■■■■■■■■■■■■■■■■■■■■■■■■■■■■■■■■■
//通常振り
//■■■■■■■■■■■■■■■■■■■■■■■■■■■■■■■■■■■■■■■
//１B
	SET 10 02	1133 1158	-1 00	//
	//	I_Bone_LeftWing1 10 1134 -1 0 0 0 0
	//	I_Bone_RightWing1 10 1134 -1 0 0 0 0
	//	I_Bone_LeftWing1 10 1157 -2 15 0 0 0
	//	I_Bone_RightWing1 10 1157 -2 15 0 0 0
		E_Bone_RightHand	10	1134 	24046 -1 0 0	RightSword_Top //E

		//OTO				10	1103 	52 0 0 0	//欷鄙
//２B
	SET 11 02	1173 1196	-1 00	//
	//	I_Bone_LeftWing1 11 1174 -1 0 0 0 0
	//	I_Bone_RightWing1 11 1174 -1 0 0 0 0
	//	I_Bone_LeftWing1 11 1195 -2 15 0 0 0
	//	I_Bone_RightWing1 11 1195 -2 15 0 0 0
		//OTO				11 	1133 	2 0 0 0	//振りSE
		E_Bone_RightHand	11	1174 	24046 -1 0 0	RightSword_Top //E
		//OTO				11 	1133 	50 0 0 0	//欷鄙
//３B
	SET 12 02	1099 1124	-1 00	//k回
		//OTO				12	1173 	2 0 0 0	//振りSE
	//	I_Bone_LeftWing1 12 1100 -1 0 0 0 0
	//	I_Bone_RightWing1 12 1100 -1 0 0 0 0
	//	I_Bone_LeftWing1 12 1124 -2 15 0 0 0
	//	I_Bone_RightWing1 12 1124 -2 15 0 0 0
		E_Bone_RightHand	12	1100 	24046 -1 0 0	RightSword_Top //E
		//OTO				12	1173 	53 0 0 0	//欷鄙
//４B
	SET 13 02	1213 1242	-1 00	//横回
	//	I_Bone_LeftWing1 13 1214 -1 0 0 0 0
	//	I_Bone_RightWing1 13 1214 -1 0 0 0 0
	//	I_Bone_LeftWing1 13 1241 -2 15 0 0 0
	//	I_Bone_RightWing1 13 1241 -2 15 0 0 0
		E_Bone_RightHand	13	1217 	24046 -1 0 0	RightSword_Top //E
		//OTO				13	1216	3 0 0 0	//振りSE
		//OTO				13	1216	55 0 0 0	//欷鄙
//５B
	SET 14 02	1252 1284	-1 00	//横回
	//	I_Bone_LeftWing1 14 1250 -1 0 0 0 0
	//	I_Bone_RightWing1 14 1250 -1 0 0 0 0
	//	I_Bone_LeftWing1 14 1283 -2 15 0 0 0
	//	I_Bone_RightWing1 14 1283 -2 15 0 0 0
		E_Bone_RightHand	14	1256 	24046 -1 0 0	RightSword_Top //E
		//OTO				14	1256	3 0 0 0	//振りSE
		//OTO				14	1257	54 0 0 0	//欷鄙

	//グライダ`のり
	SET 19 -1	0459 0459  -1  00
//	SET 19 -1	1096 1096 -1  00

//通常ジャンプ中攻
	SET 20 00  1056 1074  008 00	//

		//OTO				20	1058	2 0 0 0	//振りSE
		//OTO				20	1058	52 0 0 0	//欷鄙
		JMP 			20	1057	-1	 0	   0   0


//■■■■■■■■■■■■■■■■■■■■■■■■■■■■■■■■■■■■■■■
//魔法
	SET 42 -1	0375 0380	002 05	//急停止

//■■■■■■■■■■■■■■■■■■■■■■■■■■■■■■■■■■■■■■■
	//暇つぶし
	SET 50 02  2244 2334   -1 00	//バランス
		KAO 50 2245 6 1 6 0
		KAO 50 2330 1 1 1 0
	SET 51 02  2340 2440   -1 00	//ストレッチ
	SET 52 02  2450 2514   -1 00	//一回

	OTO3 50 2245	143 //「よっと…」（バランス取り）	//バランス
	OTO3 51 2341	142 //「イチ、ニ、サン、シ…」（杖を後ろにストレッチ）	//ストレッチ
	OTO3 52 2451	144 //「それっ…」（くるりとXやかに一回）	//一回

	//GW_ACTIONTYPE==1
	if_W=2	108 1
	{
	}
	el_RAND 200
	{
		//分岐	set typ tim  rnd len 	next
		B_NEXT	02	0	120    6   0	  50
		B_NEXT	02	0	120    6   0	  51
		B_NEXT	02	0	120    6   0	  52
	}



//■■■■■■■■■■■■■■■■■■■■■■■■■■■■■■■■■■■■■■■

	SET 53 02	0005 0084  -01 00	//右手を_くための待C
	C_Bone_RightFingerBase 53 6 0 0 0 0 act

	SET 54 -1   1595 1630  	02 10 	//物を肖

	SET 55 02	0005 0084  -01 00	//右手を]じるための待C
	C_Bone_RightFingerBase 55 6 0 0 0 0 act2

	SET 59 -1	0005 0007  63 10	//ボムk婴丐芜w移
		KAO 59 6 3 3 6 0

	SET 60 60	1975 2005  -01 00	//普通步き
	SET 61 61	2010 2060  -01 00	//W步き

	SET 62 62 	0825 0842  -1 00 //武器oし走り
	SET 63 63 	1795 1834 	-1 00 	//ボムk
		KAO 63 1795 3 3 6 0
		I_Bone_LeftWing1 63 1795 -1 -1 -1 0 //eれボ`ン解除
		I_Bone_RightWing1 63 1795 -1 -1 -1 0 //eれボ`ン解除
		mF1_set 63 1795 1 //eれフラグ立て
		if_SET 63
		{
		}
		else
		{
			if_mF1> 0
			{
				I_Bone_LeftWing1 -1 -1 -2 15 10 0 0 0
				I_Bone_RightWing1 -1 -1 -2 15 10 0 0 0
				mF0_set -1 -1 0
			}
		}

	

//■■■■■■■■■■■■■■■■■■■■■■■■■■■■■■■■■■■■■■■
//ダメ`ジ
	SET 90	02	0120 0135  -1 00	//左ダメ`ジ
		KAO 90 0122 4 4 4 0
		KAO 90 0126 1 1 1 0
	SET 91	02	0135 0150  -1 00	//右ダメ`ジ
		KAO 91 0137 4 4 4 0
		KAO 91 0141 1 1 1 0
	SET 92	02	0150 0165  -1 00	//前ダメ`ジ
		KAO 92 0152 4 4 4 0
		KAO 92 0156 1 1 1 0
	SET 93	02	0165 0180  -1 00	//後ダメ`ジ
		KAO 93 0167 4 4 4 0
		KAO 93 0171 1 1 1 0
	SET 94	02	0934 0943  -1 00	//はじかれ

	//音
		//OTO	90 0121 56 0 0 0	//
		//OTO	91 0136 56 0 0 0	//
		//OTO	92 0151 56 0 0 0	//
		//OTO	93 0166 56 0 0 0	//

//■■■■■■■■■■■■■■■■■■■■■■■■■■■■■■■■■■■■■■■
//ステップ回避系
	SET 95	-1	0800 0819  02 15	//前
	SET 96	-1	0772 0791  02 15	//後ろ
	SET 97	-1	0717 0737  02 15	//右
	SET 98	-1	0742 0762  02 15	//左

	//エフェクト
		E_charbase0		0095 0800 24550 100 0 0	//土
		E_charbase0		0096 0772 24550 100 0 0	//土
		E_charbase0		0097 0717 24550 100 0 0	//土
		E_charbase0		0098 0742 24550 100 0 0	//土
	//音
		//OTO	95 0801 60 0 0 0	//
		//OTO	96 0773 60 0 0 0	//
		//OTO	97 0718 60 0 0 0	//
		//OTO	98 0743 60 0 0 0	//

//■■■■■■■■■■■■■■■■■■■■■■■■■■■■■■■■■■■■■■■
//ダウン系
	SET  99 -01  0949 1026 -01 00	//死亡
		KAO 99 0950 5 5 5 0
	SET 100 -01  0181 0193	-1 00	//後ろふっとび
		KAO 100 0181 4 4 4 0
	SET 101 -1  0194 0218	-1 00	//後ろダウン
		//B_NEXT set Angle tim rnd len next Hokan
		B_NEXT   101 0     45   0   0  102  0
	SET 102  02  0220 0244	-1 00	//後ろダウン起き上がり
		KAO 102 0222 1 1 1 0
	//移
		MOV 99		985 996   7 0000 00 //
	//音
		//OTO	99	0950 58 0 0 0	//
		//OTO	100 0182 58 0 0 0	//

//■■■■■■■■■■■■■■■■■■■■■■■■■■■■■■■■■■■■■■■

#EndCharMotTable
/////////////////////////////////////////////////////////////////////////////////////////////////////
