/////////////////////////////////////////////////////////////////////////////////////////////////////
//　　キャラクタ`通常モ`ション定x６４*128までらしい
//   移婴浯C中のモ`ション定x
/////////////////////////////////////////////////////////////////////////////////////////////////////

//■■■■■■■■■■■■■■■■■■■■■■■■■■■■■■■■■■■■■■■■
#CharMotTable:1025		//モンブランイベント
ch_025m.it3				//filename

	SET 02 02 0005 0034 -1 00 //通常待C
	SET 01 01 0040 0055 -1 00 //走り
	SET 00 00 0060 0079 -1 00 //步き
	SET 30 31 0200 0209 -1 00 //杖を振る１前兆
	SET 31 00 0210 0229 02 08 //杖を振る１
	SET 32 33 0235 0244 -1 00 //杖を振る２前兆
	SET 33 02 0245 0274 02 15 //杖を振る２
	SET 34 -1 0280 0315 31 3 //杖を回す
	SET 35 02 0710 0799 -1 00 //を洗う
	SET 50 50 0805 0834 -1 00 //杖を振り上げて待C
	SET 51 -1 0551 0551 -1 00 //oに\っている
		if_mF1= 0
		{
			I_Bone_RightSword 51 -1 -2 30 10 0 //eれボ`ン化
			C_Bone_RightWing1 51 -1 0 0 0 0 act1
			C_Bone_LeftWing1 51 -1 0 0 0 0 act1
		}
		mF1_set 51 551 1
	SET 90 00 0085 0094 02 08 //のけぞり左
	SET 91 00 0095 0104 02 08 //のけぞり右
	SET 92 00 0105 0114 02 08 //のけぞり前
	SET 93 00 0115 0124 02 08 //のけぞり後ろ
	SET 94 -1 0130 0142 -1 00 //ダウン
	SET 95 -1 0144 0167 -1 00 //バウンド
	SET 96 02 0169 0194 -1 00 //起き上がり

//■■■■■■■■■■■■■■■■■■■■■■■■■■■■■■■■■■■■■■■■
//■初期---------------------------------------------------------------
	if_INIT
	{
	}

//■指定---------------------------------------------------------------
	KAO 90 0087 4 4 4 0 //ダメ`ジ
	KAO 90 0092 3 2 1 0
	KAO 90 0093 1 1 1 0
	KAO 91 0097 4 4 4 0 //ダメ`ジ
	KAO 91 0102 3 2 1 0
	KAO 91 0103 1 1 1 0
	KAO 92 0107 4 4 4 0 //ダメ`ジ
	KAO 92 0112 3 2 1 0
	KAO 92 0113 1 1 1 0
	KAO 93 0117 4 4 4 0 //ダメ`ジ
	KAO 93 0122 3 2 1 0
	KAO 93 0123 1 1 1 0
	KAO 94 0131 4 4 4 0 //ダウン
	KAO 96 0172 1 1 1 0 //起き上がり
	KAO 35 0715 1 2 1 0 //を洗う
	KAO 35 0717 1 3 1 0
	KAO 35 0793 1 2 1 0
	KAO 35 0795 1 1 1 0

	//瞬き命令//////////
	if_mF0>	0
	{
		mF0_add -1 -1 1

		if_mF0=	2
			KAO -1 -1 1 3 1 0
		el_mF0=	4
			KAO -1 -1 1 2 1 0
		el_mF0=	5
			KAO -1 -1 1 1 1 0
		el_mF0=	6
			mF0_set	-1	-1	0
	}
	el_RAND 60
	{
		mF0_set	2	-1	1
		mF0_set	1	-1	1
		mF0_set	0	-1	1
	}
	////////////////////

//■台~---------------------------------------------------------------


#EndCharMotTable
/////////////////////////////////////////////////////////////////////////////////////////////////////
