
////////////////////
#CharMotTable:0636//L船
--- //モ`ションファイルなし
//しいO定方法、意味などはZWEI_Wikiの「モ`ション定xファイル」を参照

//初期SET_ID:02(ル`プ）
//マップオブジェのＩＤは一桁のみ使用

//SETID	次ID	始frame	Kframe		ag	agフレ`ム（Qまり：15フレ`ムまで）
SET  02	-1		000		1			-1		00 //通常
SET  10	-1		010		20			-1		00 //ふくらみ2
SET  11	-1		020		30			-1		00 //ふくらみ3
SET  12	-1		030		40			-1		00 //ふくらみ4
SET  13	-1		040		50			-1		00 //ふくらみ5
SET  14	-1		050		60			-1		00 //ふくらみ6
SET  15	-1		060		70			-1		00 //ふくらみ7
SET  16	-1		070		80			-1		00 //ふくらみ8
SET  17	-1		080		90			-1		00 //ふくらみ9
SET  18	-1		090		100			-1		00 //ふくらみ10
SET  19	-1		100		110			-1		00 //ふくらみ11
SET  00	-1		110		112			-1		00 //破裂

SET  20	2		 70		0			-1		00 //ふくらみ10

if_EV DAMAGE
{
	if_SET 19
	{
		OTO		-1 	-1 	222 0 0 0	//□
	}
	else
	{
		OTO		-1 	-1 	221 0 0 0	//□
	}

	B_NEXT 19 -1 5 -1 -1 00 -1
	B_NEXT 18 -1 5 -1 -1 19 -1
	B_NEXT 17 -1 5 -1 -1 18 -1
	B_NEXT 16 -1 5 -1 -1 17 -1
	B_NEXT 15 -1 5 -1 -1 16 -1
	B_NEXT 14 -1 5 -1 -1 15 -1
	B_NEXT 13 -1 5 -1 -1 14 -1
	B_NEXT 12 -1 5 -1 -1 13 -1
	B_NEXT 11 -1 5 -1 -1 12 -1
	B_NEXT 10 -1 5 -1 -1 11 -1
	B_NEXT 02 -1 5 -1 -1 10 -1
}
#EndCharMotTable
