//====================================================================
//ステージトラップスクリプト
//====================================================================

#ScriptTable

//--------------------------------------------------------------------
INIT
{

//  -------  no typ     tip      x    y   z    mot  向 状  000+++++++010+++++++020+++++++030+++++++040+++++++050+++++++060+++++++070+++++++080+++++++090+++++++100+++++++110+++++++120+++++++130+++++++140+++++++150+++++++160+++++++170+++++++180+++++++190+++++++200+++++++210+++++++220+++++++230+++++++240+++++++250++
//■階段
	set_chr( 90,520,	1,1,   450,-300,  0,  	 0,  0,	0,";")			//階段戻り（戻れない）6,"K0_1;"
	set_chr( 91,521,	1,1,  -450,-300,  0,  	 0,  0,	6,"K0_10008;")	//階段進み

//■キャラオブジェクト
	//set_chr( 1,407,		3,1,   		 400,  	  400,  0,  	 2,  0,	0,"") //ファブニール
	set_chr( 1,002,	3,1,   -400,-300,  0,  	 2,  0,	0,"") //ポックル
	set_chr( 1,1012,	3,1,   -800,-300,  0,  	 2,  0,	0,"") //ポックル
	//set_chr( 1,710,	3,1,   00,00,  0,  	 2,  0,	0,"") //球石
	//set_chr( 1,718,	3,1,   00,00,  0,  	 2,  0,	0,"") //ラスダン砲台
	//set_chr( 1,1066,	3,1,   00,00,  0,  	 2,  0,	0,"") //ハイパーダイガルド
	//set_chr( 1,396,	3,1,   -400,-300,  0,  	 2,  0,	0,"") //闘技場ポックル
	//set_chr( 1,393,	3,1,   -400,-300,  0,  	 2,  0,	0,"") //闘技場フィオナ
	//set_chr( 1,394,	3,1,   -400,-300,  0,  	 2,  0,	0,"") //闘技場クロード
	//set_chr( 1,392,	3,1,   -400,-300,  0,  	 2,  0,	0,"") //闘技場オデッサ
	//set_chr( 1,045,	3,1,   		 0,	  0,  0,  	 2,  0,	0,"") //グレイン
	//set_chr( 1,1010,	3,1,   		 0,	  0,  0,  	 2,  0,	0,"") //イベントラグナ
	//set_chr( 1,090,	3,1,   		 300,	  300,  0,  	 2,  0,	0,"") //帽子を飛ばすオデッサ
	//set_chr( 1,040,	3,1,   		 300,	  300,  0,  	 2,  0,	0,"") //アンナ
	//set_chr( 1,1034,	3,1,   		 300,	  300,  0,  	 2,  0,	0,"") //イベント半獣人オデッサ
	//set_chr( 1,401,		3,1,   		 400,  	  400,  0,  	 2,  0,	0,"") //テンペストフラワー
	//set_chr( 1,409,		3,1,   		 400,  	  400,  0,  	 2,  0,	0,"") //真ザハール
	//set_chr( 1,405,		3,1,   		 400,  	  400,  0,  	 2,  0,	0,"") //ガルガリオン
	//set_chr( 1,232,		3,1,   		 200,  	  400,  0,  	 2,  0,	0,"") //232アンノウンコマ
	//set_chr( 1,233,		3,1,   		 400,  	  400,  0,  	 2,  0,	0,"") //233アンノウンヒト
	//set_chr( 1,234,		3,1,   		 600,  	  400,  0,  	 2,  0,	0,"") //234アンノウンカマ
	//set_chr( 1,235,		3,1,   		 800,  	  400,  0,  	 2,  0,	0,"") //235アンノウン３本

//	set_chr( 1,209,	3,1,   	200,	  0,  0,  	 2,  0,	0,"") //ゴーレム
//	set_chr( 1,100,	3,1,   	400,	  0,  0,  	 2,  0,	0,"") //頭突き鳥
//	set_chr( 1,311,	3,1,   	600,	  0,  0,  	 2,  0,	0,"") //スライム
//	set_chr( 1,101,	3,1,   	800,	  0,  0,  	 2,  0,	0,"") //ムカデ
//	set_chr( 1,208,	3,1,   1000,	  0,  0,  	 2,  0,	0,"") //コボルト
//	set_chr( 1,112,	3,1,   1200,	  0,  0,  	 2,  0,	0,"") //地雷岩
//	set_chr( 1,123,	3,1,   	 00,	500,  0,  	 2,  0,	0,"") //オコジョ
//	set_chr( 1,203,	3,1,   	200,	500,  0,  	 2,  0,	0,"") //小粒虫
//	set_chr( 1,204,	3,1,   	400,	500,  0,  	 2,  0,	0,"") //小粒虫子供
//	set_chr( 1,214,	3,1,   	600,	500,  0,  	 2,  0,	0,"") //コウモリ
//	set_chr( 1,216,	3,1,   	800,	500,  0,  	 2,  0,	0,"") //岩エレメント
//	set_chr( 1,139,	3,1,   1000,	500,  0,  	 2,  0,	0,"") //モグラ

//	set_chr( 1,127,	3,1,   	200,	  0,  0,  	 2,  0,	0,"") //シオマネキ
//	set_chr( 1,211,	3,1,   	400,	  0,  0,  	 2,  0,	0,"") //エイ
//	set_chr( 1,302,	3,1,   	600,	  0,  0,  	 2,  0,	0,"") //トカゲ
//	set_chr( 1,208,	3,1,   	800,	  0,  0,  	 2,  0,	0,"") //コボルト
//	set_chr( 1,168,	3,1,   1000,	  0,  0,  	 2,  0,	0,"") //魚
//	set_chr( 1,205,	3,1,   1200,	  0,  0,  	 2,  0,	0,"") //くらげ
//	set_chr( 1,129,	3,1,   	 00,	500,  0,  	 2,  0,	0,"") //サメ人
//	set_chr( 1,317,	3,1,   	200,	500,  0,  	 2,  0,	0,"") //リヴァイアサン
//	set_chr( 1,134,	3,1,   	400,	500,  0,  	 2,  0,	0,"") //岩かえる
//	set_chr( 1,137,	3,1,   	600,	500,  0,  	 2,  0,	0,"") //ツボ
//	set_chr( 1,214,	3,1,   	800,	500,  0,  	 2,  0,	0,"") //コウモリ
//	set_chr( 1,217,	3,1,   1000,	500,  0,  	 2,  0,	0,"") //水エレメント

//	set_chr( 1,124,	1,1,   	200,	  0,  0,  	 2,  0,	0,"") //ハロ
//	set_chr( 1,210,	1,1,   	400,	  0,  0,  	 2,  0,	0,"") //キノコ人
//	set_chr( 1,312,	1,1,   	600,	  0,  0,  	 2,  0,	0,"") //スライム緑
//	set_chr( 1,128,	1,1,   	800,	  0,  0,  	 2,  0,	0,"") //コボルト用戦車
//	set_chr( 1,303,	1,1,   1000,	  0,  0,  	 2,  0,	0,"") //もさもさ
//	set_chr( 1,201,	1,1,   1200,	  0,  0,  	 2,  0,	0,"") //ぱっくん
//	set_chr( 1,208,	1,1,   	 00,	500,  0,  	 2,  0,	0,"") //コボルト
//	set_chr( 1,150,	1,1,   	200,	500,  0,  	 2,  0,	0,"") //ザトウムシ
//	set_chr( 1,104,	1,1,   	400,	500,  0,  	 2,  0,	0,"") //緑パンチ
//	set_chr( 1,256,	1,1,   	600,	500,  0,  	 2,  0,	0,"") //オコジョ
//	set_chr( 1,223,	1,1,   	800,	500,  0,  	 2,  0,	0,"") //ピーマン
//	set_chr( 1,224,	1,1,   1000,	500,  0,  	 2,  0,	0,"") //トマト
//	set_chr( 1,218,	1,1,   1200,	500,  0,  	 2,  0,	0,"") //精霊風
//	set_chr( 1,219,	1,1,      0,   1000,  0,  	 2,  0,	0,"") //ワーラビット
//	set_chr( 1,268,	1,1,    200,   1000,  0,  	 2,  0,	0,"") //岩カエル

//	set_chr( 1,309,	1,1,   	200,	  0,  0,  	 2,  0,	0,"") //309おーがにくす
//	set_chr( 1,260,	1,1,   	400,	  0,  0,  	 2,  0,	0,"") //260モフモフヘルム
//	set_chr( 1,221,	1,1,   	600,	  0,  0,  	 2,  0,	0,"") //221あるきめです零式
//	set_chr( 1,229,	1,1,   	800,	  0,  0,  	 2,  0,	0,"") //229ばんのうめいど
//	set_chr( 1,220,	1,1,   1000,	  0,  0,  	 2,  0,	0,"") //220リビングアーマー
//	set_chr( 1,136,	1,1,   1200,	  0,  0,  	 2,  0,	0,"") //136ぢごくおこじょ
//	set_chr( 1,228,	1,1,   	000,	500,  0,  	 2,  0,	0,"") //228こぼるたん
//	set_chr( 1,227,	1,1,   	200,	500,  0,  	 2,  0,	0,"") //227こぼるとないと
//	set_chr( 1,278,	1,1,   	400,	500,  0,  	 2,  0,	0,"") //278ジャガーノート
//	set_chr( 1,277,	1,1,   	600,	500,  0,  	 2,  0,	0,"") //277ワーラビット②
//	set_chr( 1,269,	1,1,   	800,	500,  0,  	 2,  0,	0,"") //269つぼみみんがー

//	set_chr( 1,265,	1,1,   	200,	  0,  0,  	 2,  0,	0,"") //265メタジェリー
//	set_chr( 1,263,	1,1,   	400,	  0,  0,  	 2,  0,	0,"") //263キャタピリオン
//	set_chr( 1,264,	1,1,   	600,	  0,  0,  	 2,  0,	0,"") //264キャタピラー
//	set_chr( 1,266,	1,1,   	800,	  0,  0,  	 2,  0,	0,"") //266青トカゲ②);
//	set_chr( 1,138,	1,1,   1000,	  0,  0,  	 2,  0,	0,"") //138パニッシャー
//	set_chr( 1,140,	1,1,   1200,	  0,  0,  	 2,  0,	0,"") //140ジゴクグルマ
//	set_chr( 1,230,	1,1,   	000,	500,  0,  	 2,  0,	0,"") //230みみっく

//	set_chr( 1,313,	1,1,   	200,	  0,  0,  	 2,  0,	0,"") //313ウィザード
//	set_chr( 1,222,	1,1,   	400,	  0,  0,  	 2,  0,	0,"") //222ぞんび
//	set_chr( 1,155,	1,1,   	600,	  0,  0,  	 2,  0,	0,"") //155マッドネス
//	set_chr( 1,276,	1,1,   	800,	  0,  0,  	 2,  0,	0,"") //276ウィルオウィスプ
//	set_chr( 1,267,	1,1,   1000,	  0,  0,  	 2,  0,	0,"") //267おうごんばっと

//	set_chr( 1,273,	1,1,   	200,	  0,  0,  	 2,  0,	0,"") //273屍漁り
//	set_chr( 1,109,	1,1,   	400,	  0,  0,  	 2,  0,	0,"") //109流星砲
//	set_chr( 1,111,	1,1,   	600,	  0,  0,  	 2,  0,	0,"") //111スザク
//	set_chr( 1,274,	1,1,   	800,	  0,  0,  	 2,  0,	0,"") //274雪山おこじょ
//	set_chr( 1,213,	1,1,   1000,	  0,  0,  	 2,  0,	0,"") //213いえてぃ
//	set_chr( 1,231,	1,1,   1200,	  0,  0,  	 2,  0,	0,"") //231こどもいえてぃ
//	set_chr( 1,144,	1,1,   	000,	500,  0,  	 2,  0,	0,"") //144熊コプター
//	set_chr( 1,275,	1,1,   	200,	500,  0,  	 2,  0,	0,"") //275雪原蛙
//	set_chr( 1,132,	1,1,   	400,	500,  0,  	 2,  0,	0,"") //132案山子正宗
//	set_chr( 1,141,	1,1,   	600,	500,  0,  	 2,  0,	0,"") //141レンゴクグルマ

//	set_chr( 1,280,	1,1,   	200,	  0,  0,  	 2,  0,	0,"") //280いふりーと
//	set_chr( 1,145,	1,1,   	400,	  0,  0,  	 2,  0,	0,"") //145トランプアーミー
//	set_chr( 1,146,	1,1,   	600,	  0,  0,  	 2,  0,	0,"") //146ギルガメス
//	set_chr( 1,151,	1,1,   	800,	  0,  0,  	 2,  0,	0,"") //151サファイア
//	set_chr( 1,152,	1,1,   1000,	  0,  0,  	 2,  0,	0,"") //152ナイト
//	set_chr( 1,154,	1,1,   1200,	  0,  0,  	 2,  0,	0,"") //154ルーク
//	set_chr( 1,153,	1,1,   	000,	500,  0,  	 2,  0,	0,"") //153ポーン
//	set_chr( 1,279,	1,1,   	200,	500,  0,  	 2,  0,	0,"") //279異次元人魂
//	set_chr( 1,304,	1,1,   	400,	500,  0,  	 2,  0,	0,"") //304アンモナイト
//	set_chr( 1,301,	1,1,   	600,	500,  0,  	 2,  0,	0,"") //301ハチ

//	set_chr( 1,206,	1,1,   	200,	  0,  0,  	 2,  0,	0,"") //206カオロックアイ
//	set_chr( 1,207,	1,1,   	400,	  0,  0,  	 2,  0,	0,"") //207カオシックアイ
////	set_chr( 1,232,	1,1,   	600,	  0,  0,  	 2,  0,	0,"") //232アンノウンコマ
////	set_chr( 1,233,	1,1,   	800,	  0,  0,  	 2,  0,	0,"") //233アンノウンヒト
////	set_chr( 1,234,	1,1,   1000,	  0,  0,  	 2,  0,	0,"") //234アンノウンカマ
////	set_chr( 1,235,	1,1,   1200,	  0,  0,  	 2,  0,	0,"") //235アンノウン３本
//	set_chr( 1,156,	1,1,   	000,	500,  0,  	 2,  0,	0,"") //156ルビー
//	set_chr( 1,157,	1,1,   	200,	500,  0,  	 2,  0,	0,"") //157エメラルド

//	set_chr( 1,126,	1,1,   	200,	  0,  0,  	 2,  0,	0,"") //126バタフライ
//	set_chr( 1,350,	1,1,   	400,	  0,  0,  	 2,  0,	0,"") //350スライム青大
//	set_chr( 1,351,	1,1,   	600,	  0,  0,  	 2,  0,	0,"") //351くらげ大
//	set_chr( 1,352,	1,1,   	800,	  0,  0,  	 2,  0,	0,"") //352ごーれむべびー
//	set_chr( 1,353,	1,1,   1000,	  0,  0,  	 2,  0,	0,"") //353コボルトキング
//	set_chr( 1,354,	1,1,   1200,	  0,  0,  	 2,  0,	0,"") //354ソーディアン大
//	set_chr( 1,355,	1,1,   	 00,	500,  0,  	 2,  0,	0,"") //355シオマネキ大
//	set_chr( 1,357,	1,1,   	200,	500,  0,  	 2,  0,	0,"") //357コウモリ大
//	set_chr( 1,358,	1,1,   	400,	500,  0,  	 2,  0,	0,"") //358キノコ人大
//	set_chr( 1,360,	1,1,   	600,	500,  0,  	 2,  0,	0,"") //360移動蜂の巣大
//	set_chr( 1,361,	1,1,   	800,	500,  0,  	 2,  0,	0,"") //361スライム赤大
//	set_chr( 1,362,	1,1,   1000,	500,  0,  	 2,  0,	0,"") //362フェニックス大
//	set_chr( 1,363,	1,1,   1200,	500,  0,  	 2,  0,	0,"") //363ヘリクマ大
//	set_chr( 1,364,	1,1,      0,   1000,  0,  	 2,  0,	0,"") //364壷擬態大
//	set_chr( 1,365,	1,1,    200,   1000,  0,  	 2,  0,	0,"") //365皇帝モサモサ
//	set_chr( 1,366,	1,1,    400,   1000,  0,  	 2,  0,	0,"") //366キャタピリスト大
//	set_chr( 1,367,	1,1,    600,   1000,  0,  	 2,  0,	0,"") //367壷擬態中
//	set_chr( 1,368,	1,1,    800,   1000,  0,  	 2,  0,	0,"") //368壷擬態小
//	set_chr( 1,369,	1,1,   1000,   1000,  0,  	 2,  0,	0,"") //369壷擬態極小
//	set_chr( 1,371,	1,1,   1200,   1000,  0,  	 2,  0,	0,"") //371大いえてぃ
//	set_chr( 1,372,	1,1,    000,   1500,  0,  	 2,  0,	0,"") //372紅白壷擬態極小
	set_chr( 1,373,	1,1,    200,   1500,  0,  	 2,  0,	0,"") //373川流れダミー

}
#EndScriptTable
//====================================================================

