/////////////////////////////////////////////////////////////////////////////////////////////////////
//　　キャラクタ`通常モ`ション定x６４*128までらしい
//   移婴浯机中之モ`ション定x
/////////////////////////////////////////////////////////////////////////////////////////////////////

//■■■■■■■■■■■■■■■■■■■■■■■■■■■■■■■■■■■■■■■■
#CharMotTable:0090//奥蒂莎半人化イベント用キャラ
---

SET 00 00 0340 0369 -1 00 //步き
SET 02 02 0275 0334 -1 00 //通常待机
SET 03 -1 0005 0084 -1 00 //帽子を取る
	C_HatNull 03 58 0 0 0 0 move
SET 04 -1 0085 0129 -1 00 //ポ`ズを取る
	KAO 4 86 2 1 2 0
	KAO 4 88 3 1 3 0
	KAO 4 90 4 1 3 0
SET 05 08 0135 0219 -1 00 //耳が生える
SET 06 -1 0240 0269 -1 00 //ポ`ズ→立ち
	KAO 6 244 3 1 3 0
	KAO 6 246 2 1 2 0
	KAO 6 248 1 1 1 0

SET 07 02 0375 0389 -1 00 //ブ`メランキャッチ

SET 08 -2 220 235 -1 -1 //ふるえっぱ

//■■■■■■■■■■■■■■■■■■■■■■■■■■■■■■■■■■■■■■■■

#EndCharMotTable
/////////////////////////////////////////////////////////////////////////////////////////////////////
