/////////////////////////////////////////////////////////////////////////////////////////////////////
//　　キャラクタ`通常モ`ション定x６４*128までらしい
//   移婴浯机中之モ`ション定x
/////////////////////////////////////////////////////////////////////////////////////////////////////

//■■■■■■■■■■■■■■■■■■■■■■■■■■■■■■■■■■■■■■■■
#CharMotTable:1026//扎哈鲁イベント
//filename
ch_026m.it3

	SET 02 02 0005 0064 -1 00 //通常待机
	SET 01 01 0070 0087 -1 00 //走り
	SET 00 00 0095 0124 -1 00 //步き
	SET 50 50 0130 0189 -1 00 //待机２
	SET 51 51 0195 0254 -1 00 //待机３
	SET 52 52 0260 0319 -1 00 //腕Mみ空中待机
	SET 53 53 0325 0384 -1 00 //通常空中待机
	//SET 00 -1 0395 0709 -1 00 //演技ポ`ズ集
	SET 54 54 0715 0774 -1 00 //警戒待机
	SET 90 00 0780 0789 53 08 //左へ之けぞり
	SET 91 00 0790 0799 53 08 //右へ之けぞり
	SET 92 00 0800 0809 53 08 //後ろへ之けぞり
	SET 93 00 0810 0819 53 08 //前へ之けぞり
	SET 100 -1 0825 0837 -1 00 //ダウン
	SET 101 -1 0839 0862 -1 00 //バウンド
	SET 102 53 0864 0888 -1 00 //起き上がり
	SET 97 -1 0895 0914 -1 00 //ジャンプ左
	SET 98 -1 0920 0939 -1 00 //ジャンプ右
	SET 96 -1 0950 0969 -1 00 //ジャンプ後ろ
	SET 95 -1 0978 0996 -1 00 //ジャンプ前

	SET 30 31 1000 1009 -1 00 //右手を振る1前兆
	SET 31 53 1010 1029 -1 00 //右手を振る1
		E_Bone_RightSword	31	  1012 	31020 20		0 48 0
	SET 32 33 1035 1044 -1 00 //右手を振る2前兆
	SET 33 -1 1045 1064 53 12 //右手を振る2
		E_Bone_RightSword	33	  1049 	31020 20		0 48 0
	SET 34 35 1070 1079 -1 00 //左手を振る1前兆
	SET 35 53 1080 1099 -1 00 //左手を振る1
		E_Bone_LeftHand	35	  1081 	31020 20		0 48 0
	SET 36 37 1105 1114 -1 00 //左手を振る2前兆
	SET 37 -1 1115 1134 53 12 //左手を振る2
		E_Bone_LeftHand	37	  1119 	31020 20		0 48 0
//	SET 38 39 1140 1149 -1 00 //I手を振る前兆
//	SET 39 53 1150 1174 -1 00 //I手を振る
//		E_Bone_LeftHand	39	  1153 	31020 20		0 48 0

	SET 38 -1 1140 1148 39 15 //I手を振る前兆
	SET 39 53 1150 1174 -1 00 //I手を振る　上から攻摹∈种婴は外から内へ
		E_Bone_Spine1	39	  1153 	3920 100		0 48 0

	SET 40 41 1180 1199 -1 00 //力を解放前兆
	SET 41 -1 1200 1224 53 10 //力を解放
		E_Bone_LeftHand	41	  1207 	31020 20		0 48 0

	SET 42 -1 1230 1279 -1 00 //マントを翻す 消える
		E_Bone_LeftHand	42	  1242 	31020 20		0 48 0
	SET 43 53 1230 1279 -1 00 //マントを翻す　出る
		E_Bone_LeftHand	42	  1242 	31020 20		0 48 0
	SET 55 -1 0895 0895 -1 00 //空中移幼
	SET 56 -1 0920 0920 -1 00 //空中移佑
	SET 57 -1 0950 0951 -1 00 //空中移俞幛
	SET 58 -1 0978 0978 -1 00 //空中移忧





//■IK OFF---------------------------------------------------------------
	I_Bone_RightMant1-1 100 826 -1 0 0 0 0 //ダウン IK OFF
	I_Bone_RightMant1-2 100 826 -1 0 0 0 0
	I_Bone_RightMant2-1 100 826 -1 0 0 0 0
	I_Bone_RightMant2-2 100 826 -1 0 0 0 0
	I_Bone_LeftMant1-1 100 826 -1 0 0 0 0
	I_Bone_LeftMant1-2 100 826 -1 0 0 0 0
	I_Bone_LeftMant2-1 100 826 -1 0 0 0 0
	I_Bone_LeftMant2-2 100 826 -1 0 0 0 0
	I_Bone_RightMant1-1 102 884 30 0 0 0 0 //IK ON
	I_Bone_RightMant1-2 102 884 30 0 0 0 0
	I_Bone_RightMant2-1 102 884 30 0 0 0 0
	I_Bone_RightMant2-2 102 884 30 0 0 0 0
	I_Bone_LeftMant1-1 102 884 30 0 0 0 0
	I_Bone_LeftMant1-2 102 884 30 0 0 0 0
	I_Bone_LeftMant2-1 102 884 30 0 0 0 0
	I_Bone_LeftMant2-2 102 884 30 0 0 0 0

	I_Bone_RightMant1-1 30 1001 -1 0 0 0 0 //右手を振る1 IK OFF
	I_Bone_RightMant2-1 30 1001 -1 0 0 0 0
	I_Bone_LeftMant1-1 30 1001 -1 0 0 0 0
	I_Bone_LeftMant2-1 30 1001 -1 0 0 0 0
	I_Bone_RightMant1-1 31 1028 30 0 0 0 0 //IK ON
	I_Bone_RightMant2-1 31 1028 30 0 0 0 0
	I_Bone_LeftMant1-1 31 1028 30 0 0 0 0
	I_Bone_LeftMant2-1 31 1028 30 0 0 0 0
	I_Bone_RightMant1-1 32 1036 -1 0 0 0 0 //右手を振る2 IK OFF
	I_Bone_RightMant2-1 32 1036 -1 0 0 0 0
	I_Bone_LeftMant1-1 32 1036 -1 0 0 0 0
	I_Bone_LeftMant2-1 32 1036 -1 0 0 0 0
	I_Bone_RightMant1-1 33 1063 30 0 0 0 0 //IK ON
	I_Bone_RightMant2-1 33 1063 30 0 0 0 0
	I_Bone_LeftMant1-1 33 1063 30 0 0 0 0
	I_Bone_LeftMant2-1 33 1063 30 0 0 0 0

	I_Bone_RightMant1-1 34 1080 -1 0 0 0 0 //左手を振る１ IK OFF
	I_Bone_RightMant2-1 34 1080 -1 0 0 0 0
	I_Bone_LeftMant1-1 34 1080 -1 0 0 0 0
	I_Bone_LeftMant2-1 34 1080 -1 0 0 0 0
	I_Bone_RightMant1-1 35 1098 30 0 0 0 0 //IK ON
	I_Bone_RightMant2-1 35 1098 30 0 0 0 0
	I_Bone_LeftMant1-1 35 1098 30 0 0 0 0
	I_Bone_LeftMant2-1 35 1098 30 0 0 0 0

	I_Bone_RightMant1-1 36 1106 -1 0 0 0 0 //左手を振る2 IK OFF
	I_Bone_RightMant2-1 36 1106 -1 0 0 0 0
	I_Bone_LeftMant1-1 36 1106 -1 0 0 0 0
	I_Bone_LeftMant2-1 36 1106 -1 0 0 0 0
	I_Bone_RightMant1-1 37 1130 30 0 0 0 0 //IK ON
	I_Bone_RightMant2-1 37 1130 30 0 0 0 0
	I_Bone_LeftMant1-1 37 1130 30 0 0 0 0
	I_Bone_LeftMant2-1 37 1130 30 0 0 0 0

	I_Bone_RightMant1-1 38 1141 -1 0 0 0 0 //I手を振る IK OFF
	I_Bone_RightMant2-1 38 1141 -1 0 0 0 0
	I_Bone_LeftMant1-1 38 1141 -1 0 0 0 0
	I_Bone_LeftMant2-1 38 1141 -1 0 0 0 0
	I_Bone_RightMant1-1 39 1173 30 0 0 0 0 //IK ON
	I_Bone_RightMant2-1 39 1173 30 0 0 0 0
	I_Bone_LeftMant1-1 39 1173 30 0 0 0 0
	I_Bone_LeftMant2-1 39 1173 30 0 0 0 0

	I_Bone_RightMant1-1 40 1181 -1 0 0 0 0 //力を解放 IK OFF
	I_Bone_RightMant2-1 40 1181 -1 0 0 0 0
	I_Bone_LeftMant1-1 40 1181 -1 0 0 0 0
	I_Bone_LeftMant2-1 40 1181 -1 0 0 0 0
	I_Bone_RightMant1-1 41 1220 30 0 0 0 0 //IK ON
	I_Bone_RightMant2-1 41 1220 30 0 0 0 0
	I_Bone_LeftMant1-1 41 1220 30 0 0 0 0
	I_Bone_LeftMant2-1 41 1220 30 0 0 0 0

	I_Bone_RightMant1-1 42 1231 -1 0 0 0 0 //マントを翻す IK OFF
	I_Bone_RightMant2-1 42 1231 -1 0 0 0 0
	I_Bone_LeftMant1-1 42 1231 -1 0 0 0 0
	I_Bone_LeftMant2-1 42 1231 -1 0 0 0 0
	I_Bone_RightMant1-1 42 1278 30 0 0 0 0 //IK ON
	I_Bone_RightMant2-1 42 1278 30 0 0 0 0
	I_Bone_LeftMant1-1 42 1278 30 0 0 0 0
	I_Bone_LeftMant2-1 42 1278 30 0 0 0 0



//■■■■■■■■■■■■■■■■■■■■■■■■■■■■■■■■■■■■■■■■
//■初期---------------------------------------------------------------
	if_INIT
	{
	}
//■指定---------------------------------------------------------------
	KAO 90 0781 13 4 4 0 //ダメ`ジ
	KAO 90 0787 13 2 1 0
	KAO 90 0788 1 1 1 0
	KAO 91 0791 13 4 4 0 //ダメ`ジ
	KAO 91 0797 13 2 1 0
	KAO 91 0798 1 1 1 0
	KAO 92 0801 13 4 4 0 //ダメ`ジ
	KAO 92 0807 13 2 1 0
	KAO 92 0808 1 1 1 0
	KAO 93 0811 13 4 4 0 //ダメ`ジ
	KAO 93 0817 13 2 1 0
	KAO 93 0918 1 1 1 0
	KAO 100 0826 13 4 4 0 //ダウン
	KAO 102 0866 1 1 1 0 //起き上がり
	KAO 41 1205 4 14 3 0 //力を解放
	KAO 41 1220 3 13 1 0
	KAO 41 1223 1 1 1 0

//■台~---------------------------------------------------------------

#EndCharMotTable
/////////////////////////////////////////////////////////////////////////////////////////////////////
