//====================================================================
//ステ`ジトラップスクリプト
//====================================================================

#ScriptTable

//--------------------------------------------------------------------
INIT
{

//  -------  no typ     tip      x    y   z    mot  向 状  000+++++++010+++++++020+++++++030+++++++040+++++++050+++++++060+++++++070+++++++080+++++++090+++++++100+++++++110+++++++120+++++++130+++++++140+++++++150+++++++160+++++++170+++++++180+++++++190+++++++200+++++++210+++++++220+++++++230+++++++240+++++++250++
//■A段
	set_chr( 90,537,	3,1,   450,-300,  0,  	 0,  0,	0,";")			//A段下（神殿）,"K0_1;"
	set_chr( 91,538,	4,1,  -450,-300,  0,  	 0,  0,	6,"K0_10008;")	//A段上（神殿）

//■キャラクタ`

//一般でスクリプトチェックに使用。
//一荬巳キャラiむと落ちる之で，
//前半後半を分けて不要なキャラはコメントアウトしてます。

/*
	set_chr( 10,043,	1,1,   -300,0000,  0,  	 2,  0,	20,"") //亚妮迪
	set_chr( 11,044,	1,1,   0200,0000,  0,  	 2,  0,	20,"") //提欧
	set_chr( 12,045,	1,1,   0700,0000,  0,  	 2,  0,	20,"") //格林
	set_chr( 13,046,	1,1,   1200,0000,  0,  	 2,  0,	20,"") //卡尔蒂娜
	set_chr( 14,047,	1,1,   1700,0000,  0,  	 2,  0,	20,"") //伊萨贝拉

	set_chr( 15,048,	1,1,   -300,0500,  0,  	 2,  0,	20,"") //贺安
	set_chr( 16,049,	1,1,   0200,0500,  0,  	 2,  0,	20,"") //マオ
	set_chr( 17,055,	1,1,   0700,0500,  0,  	 2,  0,	20,"") //哈提
	set_chr( 18,056,	1,1,   1200,0500,  0,  	 2,  0,	20,"") //艾普尔
	set_chr( 19,057,	1,1,   1700,0500,  0,  	 2,  0,	20,"") //柯林

	set_chr( 20,060,	1,1,   -300,1000,  0,  	 2,  0,	20,"") //鸦
	set_chr( 21,061,	1,1,   0200,1000,  0,  	 2,  0,	20,"") //格苏雷
	set_chr( 22,063,	1,1,   0700,1000,  0,  	 2,  0,	20,"") //诺顿
	set_chr( 23,064,	1,1,   1200,1000,  0,  	 2,  0,	20,"") //比安斯
	set_chr( 24,072,	1,1,   1700,1000,  0,  	 2,  0,	20,"") //日户目

	set_chr( 25,082,	1,1,   -300,1500,  0,  	 2,  0,	20,"") //露缇
	set_chr( 26,080,	1,1,   0200,1500,  0,  	 2,  0,	20,"") //河童
	set_chr( 27,081,	1,1,   0700,1500,  0,  	 2,  0,	20,"") //修
	set_chr( 28,084,	1,1,   1200,1500,  0,  	 2,  0,	20,"") //玛琳
	set_chr( 29,086,	1,1,   1700,1500,  0,  	 2,  0,	20,"") //修
*/
/*
	set_chr( 30,024,	1,4,   -300,0000,  0,  	 2,  0,	20,"") //藤藏
	set_chr( 31,027,	1,4,   0200,0000,  0,  	 2,  0,	20,"") //特尔米多鲁
	set_chr( 32,029,	1,4,   0700,0000,  0,  	 2,  0,	20,"") //梅丽安
	set_chr( 33,023,	1,4,   1200,0000,  0,  	 2,  0,	20,"") //拉莱拉
	set_chr( 34,019,	1,4,   1700,0000,  0,  	 2,  0,	20,"") //奥迪莎

	set_chr( 35,021,	1,4,   -300,0500,  0,  	 2,  0,	20,"") //贾兰杜
	set_chr( 36,020,	1,4,   0200,0500,  0,  	 2,  0,	20,"") //昴
	set_chr( 37,002,	1,4,   0650,0500,  0,  	 2,  0,	20,"") //布库尔
	set_chr( 38,003,	1,4,   0750,0500,  0,  	 2,  0,	20,"") //皮皮洛
	set_chr( 39,016,	1,4,   1200,0500,  0,  	 2,  0,	20,"") //菲欧娜
	set_chr( 40,018,	1,4,   1700,0500,  0,  	 2,  0,	20,"") //克罗德

*/

	set_chr( 30,050,	1,4,   -300,0000,  0,  	 2,  0,	20,"") //50瑟菲拉
	set_chr( 31,051,	1,4,   0200,0000,  0,  	 2,  0,	20,"") //51谢斯塔
	set_chr( 32,054,	1,4,   0700,0000,  0,  	 2,  0,	20,"") //54莫里斯
	set_chr( 33,088,	1,4,   1200,0000,  0,  	 2,  0,	20,"") //88背谀里斯
	set_chr( 34,058,	1,4,   1700,0000,  0,  	 2,  0,	20,"") //58瓦米莉娅

	set_chr( 35,071,	1,4,   -300,0500,  0,  	 2,  0,	20,"") //71ウェ`ド
	set_chr( 36,074,	1,4,   0200,0500,  0,  	 2,  0,	20,"") //74大五郎
	set_chr( 37,075,	1,4,   0700,0500,  0,  	 2,  0,	20,"") //75矢作
	set_chr( 38,077,	1,4,   1200,0500,  0,  	 2,  0,	20,"") //77琉璃
	set_chr( 39,078,	1,4,   1700,0500,  0,  	 2,  0,	20,"") //78茜

	set_chr( 40,079,	1,4,   -300,1000,  0,  	 2,  0,	20,"") //79ニンジャ
	set_chr( 41,089,	1,4,   0200,1000,  0,  	 2,  0,	20,"") //89女忍
	set_chr( 42,040,	1,4,   0700,1000,  0,  	 2,  0,	20,"") //40安娜
	set_chr( 43,041,	1,4,   1200,1000,  0,  	 2,  0,	20,"") //41海蕾娜
	set_chr( 44,042,	1,4,   1700,1000,  0,  	 2,  0,	20,"") //42アンジェ

	set_chr( 45,083,	1,4,   -300,1500,  0,  	 2,  0,	20,"") //83クリ`ス
	set_chr( 46,011,	1,4,   0200,1500,  0,  	 2,  0,	20,"") //少年拉古那
	set_chr( 47,087,	1,4,   0700,1500,  0,  	 2,  0,	20,"") //少女米娅

	set_chr( 48,052,	3,4,   -300,0000,  0,  	 2,  0,	20,"") //利普顿
	set_chr( 49,053,	3,4,   0200,0000,  0,  	 2,  0,	20,"") //モンドリアン
	set_chr( 50,059,	3,4,   0700,0000,  0,  	 2,  0,	20,"") //源
	set_chr( 51,065,	3,4,   1200,0000,  0,  	 2,  0,	20,"") //怀森
	set_chr( 52,066,	3,4,   1700,0000,  0,  	 2,  0,	20,"") //拉乌妮

	set_chr( 53,067, 3,4,   -300,0500,  0,  	 2,  0,	20,"") //バロム
	set_chr( 54,068,	3,4,   0200,0500,  0,  	 2,  0,	20,"") //阿鲁贝尔
	set_chr( 55,069,	3,4,   0700,0500,  0,  	 2,  0,	20,"") //玛莎
	set_chr( 56,070,	3,4,   1200,0500,  0,  	 2,  0,	20,"") //菲缇莉卡
	set_chr( 57,073,	3,4,   1700,0500,  0,  	 2,  0,	20,"") //更纱

	set_chr( 58,076,	3,4,   -300,1000,  0,  	 2,  0,	20,"") //凯
	set_chr( 59,085,	3,4,   0200,1000,  0,  	 2,  0,	20,"") //莉琪
	set_chr( 60,097,	3,4,   0700,1000,  0,  	 2,  0,	20,"") //凯忍者服
	set_chr( 61,062,	3,4,   1200,1000,  0,  	 2,  0,	20,"") //凯包

	set_chr( 61,081,	3,4,   -300,1500,  0,  	 2,  0,	20,"") //企鹅娘
	set_chr( 61,1006,	3,4,   -100,1500,  0,  	 2,  0,	20,"") //企鹅娘仲g用
	set_chr( 61,1106,	3,4,   0200,1500,  0,  	 2,  0,	20,"") //イワトビ企鹅娘


}

#EndScriptTable
//====================================================================

