//====================================================================
//ステ`ジトラップスクリプト
//====================================================================

#ScriptTable

//--------------------------------------------------------------------
INIT
{

//  -------  no typ     tip      x    y   z    mot  向 状  000+++++++010+++++++020+++++++030+++++++040+++++++050+++++++060+++++++070+++++++080+++++++090+++++++100+++++++110+++++++120+++++++130+++++++140+++++++150+++++++160+++++++170+++++++180+++++++190+++++++200+++++++210+++++++220+++++++230+++++++240+++++++250++
//■A段
	set_chr( 90,520,	3,1,   450,-300,  0,  	 0,  0,	0,";")			//A段り（れない）6,"K0_1;"
	set_chr( 91,521,	4,1,  -450,-300,  0,  	 0,  0,	6,"K0_10008;")	//A段Mみ

//■キャラクタ`
	set_chr( 1,002,	3,4,   -400,0000,  0,  	 2,  0,	0,"") //布库尔
	set_chr( 1,003,	3,4,   0000,0000,  0,  	 2,  0,	0,"") //皮皮洛
	set_chr( 1,016,	3,4,   0500,0000,  0,  	 2,  0,	0,"") //菲欧娜
	set_chr( 1,017, 3,4,   1000,0000,  0,  	 2,  0,	0,"") //菲欧娜武装
	set_chr( 1,018,	3,4,   1500,0000,  0,  	 2,  0,	0,"") //克罗德
	set_chr( 1,020,	3,4,   2000,0000,  0,  	 2,  0,	0,"") //昴

	set_chr( 1,021,	3,4,   -400,0500,  0,  	 2,  0,	0,"") //嘉兰多
	set_chr( 1,023, 3,4,   -000,0500,  0,  	 2,  0,	0,"") //拉莱拉
	set_chr( 1,024, 3,4,   0500,0500,  0,  	 2,  0,	0,"") //藤藏
	set_chr( 1,1025, 3,4,   1000,0500,  0,  	 2,  0,	0,"") //蒙布兰
	set_chr( 1,1026, 3,4,   1500,0500,  0,  	 2,  0,	0,"") //扎哈鲁
	set_chr( 1,019,	3,4,   2000,0500,  0,  	 2,  0,	0,"") //奥迪莎

	set_chr( 1,029, 3,4,   -400,1000,  0,  	 2,  0,	0,"") //梅丽安
	set_chr( 1,1033, 3,4,   0000,1000,  0,  	 2,  0,	0,"") //狼奥迪莎
	set_chr( 1,034, 3,4,   0500,1000,  0,  	 2,  0,	0,"") //半狼奥迪莎
	set_chr( 1,027, 3,4,   1000,1000,  0,  	 2,  0,	0,"") //特尔米多鲁普段着
	set_chr( 1,1028, 3,4,   1500,1000,  0,  	 2,  0,	0,"") //特尔米多鲁魔族
	set_chr( 1,1036, 3,4,   2000,1000,  0,  	 2,  0,	0,"") //特尔米多鲁武装

	set_chr( 1,030, 3,4,   -400,1500,  0,  	 2,  0,	0,"") //艾克斯玛绮娜1
	set_chr( 1,031, 3,4,   0000,1500,  0,  	 2,  0,	0,"") //艾克斯玛绮娜2
	set_chr( 1,032, 3,4,   0500,1500,  0,  	 2,  0,	0,"") //艾克斯玛绮娜3
	set_chr( 1,035, 3,4,   1000,1500,  0,  	 2,  0,	0,"") //魔王米娅１
	set_chr( 1,038, 3,4,   1500,1500,  0,  	 2,  0,	0,"") //魔王米娅战L前
	set_chr( 1,039, 3,4,   2000,1500,  0,  	 2,  0,	0,"") //魔王米娅战L後

	set_chr( 1,015,	3,4,   -400,2000,  0,  	 2,  0,	0,"") //露
	set_chr( 1,1022,	3,4,   0000,2000,  0,  	 2,  0,	0,"") //戴嘉鲁德
	set_chr( 1,037,	3,4,   0500,2000,  0,  	 2,  0,	0,"") //人g戴嘉鲁德
	set_chr( 1,91,3,4,     1000,2000,  0,  	 2,  0,	0,"") //良い米娅

	set_chr( 1,009,	1,4,   -400,0000,  0,  	 2,  0,	0,"") //拉古那ゴ`グル外し
	set_chr( 1,010,	1,4,   0000,0000,  0,  	 2,  0,	0,"") //拉古那ゴ`グル装着
	set_chr( 1,01049,1,4,   0500,0000,  0,  	 2,  0,	0,"") //拉古那ゴ`グル装着
	set_chr( 1,01044,1,4,   1000,0000,  0,  	 2,  0,	0,"") //拉古那裸
	set_chr( 1,01052,1,4,   1500,0000,  0,  	 2,  0,	0,"") //拉古那包⊙ハ
	set_chr( 1,01053,1,4,   2000,0000,  0,  	 2,  0,	0,"") //拉古那包ˉ蜘`ツ

	set_chr( 1,011,	1,4,   -400,0500,  0,  	 2,  0,	0,"") //少年拉古那
	set_chr( 1,087,	1,4,   0000,0500,  0,  	 2,  0,	0,"") //少女米娅
	set_chr( 1,096,	1,4,   0500,0500,  0,  	 2,  0,	0,"") //包“碌仙
	set_chr( 1,1047,1,4,   1000,0500,  0,  	 2,  0,	0,"") //昴足袋
	set_chr( 1,1045,1,4,   1500,0500,  0,  	 2,  0,	0,"") //昴衣
	set_chr( 1,93,1,4,     2000,0500,  0,  	 2,  0,	0,"") //昴包

	set_chr( 1,1054,1,4,   -400,1000,  0,  	 2,  0,	0,"") //吉斯卡鲁公
	set_chr( 1,1057,1,4,    000,1000,  0,  	 2,  0,	0,"") //拉莱拉握
	set_chr( 1,94,1,4,      500,1000,  0,  	 2,  0,	0,"") //藤藏足袋
	set_chr( 1,95,1,4,     1000,1000,  0,  	 2,  0,	0,"") //藤藏包
	set_chr( 1,98,1,4,     1500,1000,  0,  	 2,  0,	0,"") //オコジョス`ツ
	set_chr( 1,99,1,4,     2000,1000,  0,  	 2,  0,	0,"") //女子高制服艾尔雯

	set_chr( 1,1064,1,4,   -400,1500,  0,  	 2,  0,	0,"") //セピア特尔米多鲁
	set_chr( 1,1069,1,4,    000,1500,  0,  	 2,  0,	0,"") //パンクロック
}

#EndScriptTable
//====================================================================

