//====================================================================
//ステージトラップスクリプト
//====================================================================

#ScriptTable

//--------------------------------------------------------------------
INIT
{

//  -------  no typ     tip      x    y   z    mot  向 状  000+++++++010+++++++020+++++++030+++++++040+++++++050+++++++060+++++++070+++++++080+++++++090+++++++100+++++++110+++++++120+++++++130+++++++140+++++++150+++++++160+++++++170+++++++180+++++++190+++++++200+++++++210+++++++220+++++++230+++++++240+++++++250++
//■階段
	set_chr( 90,520,	3,1,   450,-300,  0,  	 0,  0,	0,";")			//階段戻り（戻れない）6,"K0_1;"
	set_chr( 91,521,	4,1,  -450,-300,  0,  	 0,  0,	6,"K0_10008;")	//階段進み

//■キャラクター
	set_chr( 1,002,	3,4,   -400,0000,  0,  	 2,  0,	0,"") //ポックル
	set_chr( 1,003,	3,4,   0000,0000,  0,  	 2,  0,	0,"") //ピピロ
	set_chr( 1,016,	3,4,   0500,0000,  0,  	 2,  0,	0,"") //フィオナ
	set_chr( 1,017, 3,4,   1000,0000,  0,  	 2,  0,	0,"") //フィオナ武装
	set_chr( 1,018,	3,4,   1500,0000,  0,  	 2,  0,	0,"") //クロード
	set_chr( 1,020,	3,4,   2000,0000,  0,  	 2,  0,	0,"") //スバル

	set_chr( 1,021,	3,4,   -400,0500,  0,  	 2,  0,	0,"") //ギャランドゥ
	set_chr( 1,023, 3,4,   -000,0500,  0,  	 2,  0,	0,"") //ラーライラ
	set_chr( 1,024, 3,4,   0500,0500,  0,  	 2,  0,	0,"") //テンザン
	set_chr( 1,1025, 3,4,   1000,0500,  0,  	 2,  0,	0,"") //モンブラン
	set_chr( 1,1026, 3,4,   1500,0500,  0,  	 2,  0,	0,"") //ザハール
	set_chr( 1,019,	3,4,   2000,0500,  0,  	 2,  0,	0,"") //オデッサ

	set_chr( 1,029, 3,4,   -400,1000,  0,  	 2,  0,	0,"") //ミリアム
	set_chr( 1,1033, 3,4,   0000,1000,  0,  	 2,  0,	0,"") //狼オデッサ
	set_chr( 1,034, 3,4,   0500,1000,  0,  	 2,  0,	0,"") //半狼オデッサ
	set_chr( 1,027, 3,4,   1000,1000,  0,  	 2,  0,	0,"") //テルミドール普段着
	set_chr( 1,1028, 3,4,   1500,1000,  0,  	 2,  0,	0,"") //テルミドール魔族
	set_chr( 1,1036, 3,4,   2000,1000,  0,  	 2,  0,	0,"") //テルミドール武装

	set_chr( 1,030, 3,4,   -400,1500,  0,  	 2,  0,	0,"") //エクスマキナ1
	set_chr( 1,031, 3,4,   0000,1500,  0,  	 2,  0,	0,"") //エクスマキナ2
	set_chr( 1,032, 3,4,   0500,1500,  0,  	 2,  0,	0,"") //エクスマキナ3
	set_chr( 1,035, 3,4,   1000,1500,  0,  	 2,  0,	0,"") //魔王ミア１
	set_chr( 1,038, 3,4,   1500,1500,  0,  	 2,  0,	0,"") //魔王ミア戦闘前
	set_chr( 1,039, 3,4,   2000,1500,  0,  	 2,  0,	0,"") //魔王ミア戦闘後

	set_chr( 1,015,	3,4,   -400,2000,  0,  	 2,  0,	0,"") //ルウ
	set_chr( 1,1022,	3,4,   0000,2000,  0,  	 2,  0,	0,"") //ダイガルド
	set_chr( 1,037,	3,4,   0500,2000,  0,  	 2,  0,	0,"") //人間ダイガルド
	set_chr( 1,91,3,4,     1000,2000,  0,  	 2,  0,	0,"") //良いミア

	set_chr( 1,009,	1,4,   -400,0000,  0,  	 2,  0,	0,"") //ラグナゴーグル外し
	set_chr( 1,010,	1,4,   0000,0000,  0,  	 2,  0,	0,"") //ラグナゴーグル装着
	set_chr( 1,01049,1,4,   0500,0000,  0,  	 2,  0,	0,"") //ラグナゴーグル装着
	set_chr( 1,01044,1,4,   1000,0000,  0,  	 2,  0,	0,"") //ラグナ裸
	set_chr( 1,01052,1,4,   1500,0000,  0,  	 2,  0,	0,"") //ラグナ包帯靴下
	set_chr( 1,01053,1,4,   2000,0000,  0,  	 2,  0,	0,"") //ラグナ包帯ブーツ

	set_chr( 1,011,	1,4,   -400,0500,  0,  	 2,  0,	0,"") //少年ラグナ
	set_chr( 1,087,	1,4,   0000,0500,  0,  	 2,  0,	0,"") //少女ミア
	set_chr( 1,096,	1,4,   0500,0500,  0,  	 2,  0,	0,"") //包帯オデッサ
	set_chr( 1,1047,1,4,   1000,0500,  0,  	 2,  0,	0,"") //スバル足袋
	set_chr( 1,1045,1,4,   1500,0500,  0,  	 2,  0,	0,"") //スバル湯衣
	set_chr( 1,93,1,4,     2000,0500,  0,  	 2,  0,	0,"") //スバル包帯

	set_chr( 1,1054,1,4,   -400,1000,  0,  	 2,  0,	0,"") //ギスカール公
	set_chr( 1,1057,1,4,    000,1000,  0,  	 2,  0,	0,"") //ラーライラ偽者
	set_chr( 1,94,1,4,      500,1000,  0,  	 2,  0,	0,"") //テンザン足袋
	set_chr( 1,95,1,4,     1000,1000,  0,  	 2,  0,	0,"") //テンザン包帯
	set_chr( 1,98,1,4,     1500,1000,  0,  	 2,  0,	0,"") //オコジョスーツ
	set_chr( 1,99,1,4,     2000,1000,  0,  	 2,  0,	0,"") //女子高制服アルウェン

	set_chr( 1,1064,1,4,   -400,1500,  0,  	 2,  0,	0,"") //セピアテルミドール
	set_chr( 1,1069,1,4,    000,1500,  0,  	 2,  0,	0,"") //パンクロック
}

#EndScriptTable
//====================================================================

