
////////////////////
#CharMotTable:0636//L船
--- //モ`ションファイルなし
//しいO定方法、意味などはZWEI_Wikiの「モ`ション定xファイル」を参照

//初期SET_ID:02(ル`プ）
//マップオブジェのＩＤは一桁のみ使用

//SETID	次ID	始frame	Kframe		ag	agフレ`ム（Qまり：15フレ`ムまで）
SET  01	-1		000		001			-1		00 //lv01
SET  02	-1		001		002			-1		00 //lv02
SET  03	-1		002		003			-1		00 //lv03
SET  04	-1		003		004			-1		00 //lv04
SET  05	-1		004		005			-1		00 //lv05
SET  06	-1		005		006			-1		00 //lv06
SET  07	-1		006		007			-1		00 //lv07
SET  08	-1		007		008			-1		00 //lv08
SET  09	-1		008		009			-1		00 //lv09
SET  10	-1		009		010			-1		00 //lv10
SET  11	-1		010		011			-1		00 //lv11
SET  12	-1		011		012			-1		00 //lv12
SET  13	-1		012		013			-1		00 //lv13
SET  14	-1		013		014			-1		00 //lv14
SET  15	-1		014		015			-1		00 //lv15
SET  16	-1		015		016			-1		00 //lv16
SET  17	-1		016		017			-1		00 //lv17
SET  18	-1		017		018			-1		00 //lv18
SET  19	-1		018		019			-1		00 //lv19
SET  20	-1		019		020			-1		00 //lv20
SET  21	-1		020		021			-1		00 //lv21
SET  22	-1		021		022			-1		00 //lv22
SET  23	-1		022		023			-1		00 //lv23
SET  24	-1		023		024			-1		00 //lv24
SET  25	-1		024		025			-1		00 //lv25
SET  26	-1		025		026			-1		00 //lv26
SET  27	-1		026		027			-1		00 //lv27
SET  28	-1		027		028			-1		00 //lv28
SET  29	-1		028		029			-1		00 //lv29
SET  30	-1		029		030			-1		00 //lv30
SET  31	-1		030		031			-1		00 //lv31
SET  32	-1		031		032			-1		00 //lv32
SET  33	-1		032		033			-1		00 //lv33
SET  34	-1		033		034			-1		00 //lv34
SET  35	-1		034		035			-1		00 //lv35
SET  36	-1		035		036			-1		00 //lv36
SET  37	-1		036		037			-1		00 //lv37
SET  38	-1		037		038			-1		00 //lv38
SET  39	-1		038		039			-1		00 //lv39
SET  40	-1		039		040			-1		00 //lv40
SET  41	-1		040		041			-1		00 //lv41
SET  42	-1		041		042			-1		00 //lv42
SET  43	-1		042		043			-1		00 //lv43
SET  44	-1		043		044			-1		00 //lv44
SET  45	-1		044		045			-1		00 //lv45
SET  46	-1		045		046			-1		00 //lv46
SET  47	-1		046		047			-1		00 //lv47
SET  48	-1		047		048			-1		00 //lv48
SET  49	-1		048		049			-1		00 //lv49
SET  50	-1		049		050			-1		00 //lv50
SET  51	-1		050		051			-1		00 //lv51
SET  52	-1		051		052			-1		00 //lv52
SET  53	-1		052		053			-1		00 //lv53
SET  54	-1		053		054			-1		00 //lv54
SET  55	-1		054		055			-1		00 //lv55
SET  56	-1		055		056			-1		00 //lv56
SET  57	-1		056		057			-1		00 //lv57
SET  58	-1		057		058			-1		00 //lv58
SET  59	-1		058		059			-1		00 //lv59
SET  60	-1		059		060			-1		00 //lv60
SET  61	-1		060		061			-1		00 //lv61
SET  62	-1		061		062			-1		00 //lv62
SET  63	-1		062		063			-1		00 //lv63
SET  64	-1		063		064			-1		00 //lv64
SET  65	-1		064		065			-1		00 //lv65
SET  66	-1		065		066			-1		00 //lv66
SET  67	-1		066		067			-1		00 //lv67
SET  68	-1		067		068			-1		00 //lv68
SET  69	-1		068		069			-1		00 //lv69
SET  70	-1		069		070			-1		00 //lv70
SET  71	-1		070		071			-1		00 //lv71
SET  72	-1		071		072			-1		00 //lv72
SET  73	-1		072		073			-1		00 //lv73
SET  74	-1		073		074			-1		00 //lv74
SET  75	-1		074		075			-1		00 //lv75
SET  76	-1		075		076			-1		00 //lv76
SET  77	-1		076		077			-1		00 //lv77
SET  78	-1		077		078			-1		00 //lv78
SET  79	-1		078		079			-1		00 //lv79
SET  80	-1		079		080			-1		00 //lv80
SET  81	-1		080		081			-1		00 //lv81
SET  82	-1		081		082			-1		00 //lv82
SET  83	-1		082		083			-1		00 //lv83
SET  84	-1		083		084			-1		00 //lv84
SET  85	-1		084		085			-1		00 //lv85
SET  86	-1		085		086			-1		00 //lv86
SET  87	-1		086		087			-1		00 //lv87
SET  88	-1		087		088			-1		00 //lv88
SET  89	-1		088		089			-1		00 //lv89
SET  90	-1		089		090			-1		00 //lv90
SET  91	-1		090		091			-1		00 //lv91
SET  92	-1		091		092			-1		00 //lv92
SET  93	-1		092		093			-1		00 //lv93
SET  94	-1		093		094			-1		00 //lv94
SET  95	-1		094		095			-1		00 //lv95
SET  96	-1		095		096			-1		00 //lv96
SET  97	-1		096		097			-1		00 //lv97
SET  98	-1		097		098			-1		00 //lv98
SET  99	-1		098		099			-1		00 //lv99
SET  0	-1		000		000			-1		00 //lv01

#EndCharMotTable
