/////////////////////////////////////////////////////////////////////////////////////////////////////
//　　キャラクター通常モーション定義６４*128個までらしい
//   移動や待機中のモーション定義
/////////////////////////////////////////////////////////////////////////////////////////////////////

//■■■■■■■■■■■■■■■■■■■■■■■■■■■■■■■■■■■■■■■■
#CharMotTable:0090//オデッサ半獣人化イベント用キャラ
---

SET 00 00 0340 0369 -1 00 //歩き
SET 02 02 0275 0334 -1 00 //通常待機
SET 03 -1 0005 0084 -1 00 //帽子を取る
	C_HatNull 03 58 0 0 0 0 move
SET 04 -1 0085 0129 -1 00 //ポーズを取る
	KAO 4 86 2 1 2 0
	KAO 4 88 3 1 3 0
	KAO 4 90 4 1 3 0
SET 05 08 0135 0219 -1 00 //耳が生える
SET 06 -1 0240 0269 -1 00 //ポーズ→立ち
	KAO 6 244 3 1 3 0
	KAO 6 246 2 1 2 0
	KAO 6 248 1 1 1 0

SET 07 02 0375 0389 -1 00 //ブーメランキャッチ

SET 08 -2 220 235 -1 -1 //ふるえっぱ

//■■■■■■■■■■■■■■■■■■■■■■■■■■■■■■■■■■■■■■■■

#EndCharMotTable
/////////////////////////////////////////////////////////////////////////////////////////////////////
