/////////////////////////////////////////////////////////////////////////////////////////////////////
//　　キャラクター通常モーション定義６４*128個までらしい
//   移動や待機中のモーション定義
/////////////////////////////////////////////////////////////////////////////////////////////////////

//■■■■■■■■■■■■■■■■■■■■■■■■■■■■■■■■■■■■■■■■
#CharMotTable:1028		//テルミドール魔族イベント
ch_028em.it3				//filename

//イベント
	SET 122 02 3266 3320 -1 00 //指をパチンとならす


//通常
	SET 02 02 0005 0064 -1 00 //地上待機
	SET 01 01 0070 0087 -1 00 //走り
	SET 00 00 0095 0124 -1 00 //歩き

	SET 54 54 0325 0384 -1 00 //空中待機
	SET 55 54 0130 0159 -1 00 //地上待機→空中待機
	SET 56 -1 0190 0219 53 15 //空中待機→地上待機

//ダメージ系
	SET 57 00 0715 0724 02 08 //地上用左へのけぞり
	SET 58 00 0725 0734 02 08 //地上用右へのけぞり
	SET 59 00 0735 0744 02 08 //地上用後ろへのけぞり
	//SET 60 00 0745 0754 02 08 //地上用前へのけぞり
	SET 60 00 0095 0124 -1 00 //歩き
	SET 90 00 0780 0789 54 08 //左へのけぞり
	SET 91 00 0790 0799 54 08 //右へのけぞり
	SET 92 00 0800 0809 54 08 //後ろへのけぞり
	SET 93 00 0810 0819 54 08 //前へのけぞり
	SET 100 -1 0825 0837 -1 00 //ダウン
	SET 101 -1 0839 0862 -1 00 //バウンド
	SET 102 54 0864 0885 54 08 //起き上がり→空中待機
	SET 103 02 0864 0885 02 8 //起き上がり→地上待機

//ジャンプ
	SET 97 -1 0895 0914 -1 00 //ジャンプ左
	SET 98 -1 0920 0939 -1 00 //ジャンプ右
	SET 96 -1 0952 0964 54 00 //ジャンプ後ろ　地上剣攻撃後のジャンプ
		JMP 	96 	953 800 0 0 0 //
	SET 95 -1 0978 0996 -1 00 //ジャンプ前

	SET 50 -1 0895 0895 -1 00 //空中移動左
	SET 51 -1 0920 0920 -1 00 //空中移動右
	SET 52 -1 0920 0920 -1 00 //空中移動後ろ

	SET 51 -1 0714 0714 -1 00 //空中移動右		大技後下降＆登場
	SET 52 -1 0809 0809 -1 00 //空中移動後ろ	大技前上昇＆消える
	SET 53 -1 0978 0978 -1 00 //空中移動前		地上剣攻撃前追跡用

//攻撃
	SET 30 31 1000 1009 -1 00 //空中攻撃1前兆
	SET 31 54 1010 1029 -1 00 //空中攻撃1
		E_wtop1	31	  1012 	31020 20		0 48 0

	SET 32 33 1035 1044 -1 00 //空中攻撃2前兆
	SET 33 54 1045 1060 54 14 //空中攻撃2
		E_wtop1	33	  1049 	31020 20		0 48 0
	SET 34 35 1070 1079 -1 00 //空中攻撃3前兆
	SET 35 54 1080 1109 -1 00 //空中攻撃3
		E_wtop1	35	  1081 	31020 20		0 48 0
	SET 39 40 1180 1194 -1 00 //力を解放前兆
	SET 40 -2 1194 1206 -1 00 //力を解放前兆
	SET 41 54 1200 1224 54 08 //力を解放
//		E_wtop1	41	  1207 	31020 20		0 48 0
		-MOT 	41 	1207 0 -1 0 //氷
		-MOT 	41 	1207 1 -1 0 //氷
		-MOT 	41 	1207 2 -1 0 //氷
		E_wtop1	41	  1207 	24950 0		0 0 0


	SET 42 43 1230 1239 -1 00 //地上攻撃1
		E_wtop1	42	  1230 	31020 20		0 48 0
	SET 43 44 1260 1269 -1 00 //地上攻撃2
		E_wtop1	43	  1260 	31020 20		0 48 0
	SET 44 45 1300 1311 -1 00 //地上攻撃3
		E_wtop1	44	  1300 	31020 20		0 48 0
	SET 45 46 1340 1354 -1 00 //地上攻撃4
		E_wtop1	45	  1341 	31020 20		0 48 0
	SET 46 96 1380 1415 -1 00 //地上攻撃5
		E_wtop1	46	  1384 	31020 20		0 48 0

	//軌跡
		E_wtop1	0042 1230 3009 -1 0 0 wroot1	//剣軌跡エフェクト
		E_wtop1	0043 1260 3009 -1 0 0 wroot1	//剣軌跡エフェクト
		E_wtop1	0044 1300 3009 -1 0 0 wroot1	//剣軌跡エフェクト
		E_wtop1	0045 1341 3009 -1 0 0 wroot1	//剣軌跡エフェクト
		E_wtop1	0046 1384 3010 -1 0 0 wroot1	//剣軌跡エフェクト
	//エフェクト
		E_Bone_LeftToeBase	0042 1234 3060 100 0 0	//踏み込み土煙
		E_Bone_RightToeBase	0043 1265 3060 100 0 0	//踏み込み土煙
		E_Bone_LeftToeBase	0044 1306 3060 100 0 0	//踏み込み土煙
		E_Bone_RightToeBase	0045 1352 3060 100 0 0	//踏み込み土煙
		E_Bone_LeftToeBase	0046 1394 3060 100 0 0	//踏み込み土煙
	//SE
		//OTO	0042 		1231 2 0 0 0	//剣振りSE
		//OTO	0043 		1261 2 0 0 0	//剣振りSE
		//OTO	0044 		1301 2 0 0 0	//剣振りSE
		//OTO	0045 		1343 3 0 0 0	//剣振りSE
		//OTO	0046 		1387 3 0 0 0	//剣振りSE
	//移動
		MOV 0042		1232 1233 	20 0 0	//１
		MOV 0043		1262 1263 	35 0 0	//２
		MOV 0044		1300 1304 	30 0 0	//３
		MOV 0045		1343 1348 	30 0 0	//４
		MOV 0046		1388 1390 	70 0 0	//５
		MOV 0046		1402 1414 	01 0 0	//５

//■■■■■■■■■■■■■■■■■■■■■■■■■■■■■■■■■■■■■■■■
//■初期---------------------------------------------------------------
	if_INIT
	{
		if_CHAR 1028
		{
			W_Bone_RightSword -1 -1 0 0 0 0 wp_036r
		}
	}

	B_MOV	0	0	5	20		0		0
	B_MOV	1	0	15	20		0		0
	B_MOV	2	0	0	4		0		0
	B_MOV	54	0	0	10		0		0
	B_MOV	56	-1	0	10		0		0
	B_MOV	53	0	50	50		0		0
	B_MOV	96	0	-15	40		0		0

//■フェイス---------------------------------------------------------------

	//瞬き命令//////////
	////////////////////

	KAO 57 716 13 4 4 //地上用左へのけぞり
	KAO 57 723 1 1 1
	KAO 58 726 13 4 4 //地上用右へのけぞり
	KAO 58 733 1 1 1
	KAO 59 736 13 4 4 //地上用後ろへのけぞり
	KAO 59 743 1 1 1
	KAO 60 746 13 4 4 //地上用前へのけぞり
	KAO 60 753 1 1 1
	KAO 90 781 13 4 4 //空中用左へのけぞり
	KAO 90 788 1 1 1
	KAO 91 791 13 4 4 //空中用右へのけぞり
	KAO 91 798 1 1 1
	KAO 92 801 13 4 4 //空中用後ろへのけぞり
	KAO 92 808 1 1 1
	KAO 93 811 13 4 4 //空中用前へのけぞり
	KAO 93 818 1 1 1
	KAO 100 826 13 4 4 //ダウン
	KAO 102 865 1 1 1
	KAO 103 865 1 1 1
	KAO 41 1205 4 14 3 0 //力を解放
	KAO 41 1220 3 13 1 0
	KAO 41 1223 1 1 1 0

#EndCharMotTable
/////////////////////////////////////////////////////////////////////////////////////////////////////
