/////////////////////////////////////////////////////////////////////////////////////////////////////
//　　キャラクター通常モーション定義６４*128個までらしい
//   移動や待機中のモーション定義
/////////////////////////////////////////////////////////////////////////////////////////////////////

//■■■■■■■■■■■■■■■■■■■■■■■■■■■■■■■■■■■■■■■■
#CharMotTable:1022		//ダイガルドイベント
ch_022em.it3				//filename

	SET 00 00 0095 0124 -1 00 //歩き
	SET 01 01 0070 0087 -1 00 //走り
	SET 02 02 0005 0064 -1 00 //通常待機
	SET 05 01 0815 0819 -1 00 //着地→走り
	SET 06 -1 0835 0837 02 15 //ジャンプ着地
	SET 07 02 0820 0829 -1 00 //走り急停止
	SET 08 -1 0728 0729 -1 00 //落下中

	SET 30 31 0845 0854 -1 00 //殴り１前兆
	SET 31 -1 0855 0865 33 4 //殴り１
		E_Bone_RightHand	31	  856 	31020 20		0 48 0
	SET 33 -1 0895 0909 35 4 //殴り２
		E_Bone_LeftHand		33	  896 	31020 20		0 48 0

	SET 30 31 0845 0854 -1 00 //殴り１前兆
	SET 31 33 0855 0874 -1 00 //殴り１
		E_Bone_RightHand	31	  856 	31020 20		0 48 0
	SET 32 33 0885 0894 -1 00 //殴り２前兆
	SET 33 02 0895 0914 -1 00 //殴り２
		E_Bone_LeftHand		33	  896 	31020 20		0 48 0

	SET 34 35 0920 0929 -1 00 //殴り３前兆
	SET 35 -1 0930 0949 37 5 //殴り３
		E_Bone_LeftHand		35	  930 	31020 20		0 48 0
	SET 36 37 0955 0964 -1 00 //殴り４前兆
	SET 37 02 0965 0984 -1 00 //殴り４
		E_Bone_RightHand	37	  965 	31020 20		0 48 0

	SET 38 -1 0995 1019 08 15 //アッパー
		E_charbase0			38	  995 	31020 20		0 80 0
		E_charbase0			38	  995 	24791 0			0 0 0

	SET 39 -1 1025 1029 -1 00 //とびかかり
		E_Bone_RightSword	39	  1029 	30020 2			0 32 0
	SET 40 -1 1030 1039 43 5 //とびかかり→掴み
		E_Bone_RightSword	40	  1039 	31020 20		0 32 0
	SET 41 02 1040 1089 -1 00 //掴み→投げ
		E_Bone_RightSword	41	  1064 	31020 20		0 32 0
	SET 42 42 1095 1119 -1 00 //かみつきroop
	//	E_Bone_RightSword	42	  1095 	23000 0		0 00 0
		E_Bone_RightSword	42	  1107 	31020 20		0 00 0

	SET 43 02 1130 1189 -1 00 //遠吠え

	SET 44 44 1195 1202 -1 00 //力を溜める
	SET 45 45 0794 0803 -1 00 //ローリングアタック
		E_Bone_RightSword	45	  0794 	31030 20		0 112 0
	SET 46 46 0794 0803 -1 00 //ローリングアタック
		E_Bone_RightSword	45	  0794 	31030 20		0 112 0

	SET 50 -1 0710 0710 -1 00 //ダッシュ左
	SET 51 -1 0735 0735 -1 00 //ダッシュ右
	SET 52 -1 0765 0765 -1 00 //ダッシュ後ろ
	SET 53 -1 0792 0792 -1 00 //ダッシュ前
	SET 90 00 0130 0139 02 08 //左へのけぞり
	SET 91 00 0140 0149 02 08 //右へのけぞり
	SET 92 00 0150 0159 02 08 //後ろへのけぞり
	SET 93 00 0160 0169 02 08 //前へのけぞり
	SET 95 -1 0710 0729 -1 00 //ジャンプ左
	SET 96 -1 0735 0754 -1 00 //ジャンプ右
	SET 97 -1 0765 0784 -1 00 //ジャンプ後ろ
	SET 98 -1 0792 0811 -1 00 //ジャンプ前
	SET 99 -1 0245 0324 -1 00 //死亡
	SET 100 -1 0175 0187 -1 00 //ダウン
	SET 101 -1 0189 0212 -1 00 //バウンド
	SET 102 02 0214 0239 -1 00 //起き上がり

	SET 202 02 3000 3150 -1 00 //起き上がり
		I_Bone_Tale1 202 3000 -1 0 0 0 //揺れボーンoff
		I_Bone_Tale2 202 3000 -1 0 0 0 //揺れボーンoff

		I_Bone_Tale1 202 3125 0 0 0 0 //揺れボーンon
		I_Bone_Tale2 202 3125 0 0 0 0 //揺れボーンon

	SET 201 -1 3000 3000 -1 00 //うつぶせたおれ（ID番号ダブってたら変更してください。適当につけてるので・・・）
		I_Bone_Tale1 201 3000 -1 0 0 0 //揺れボーンoff
		I_Bone_Tale2 201 3000 -1 0 0 0 //揺れボーンoff


	//移動定義
	//MOV SetID 始frame 終frame 速度 方向 上方速度
	MOV 30 0845 0853 9 0 0 //殴り１前兆
	MOV 31 0855 0862 30 0 0 //殴り１
	MOV 32 0885 0894 9 0 0 //殴り2前兆
	MOV 33 0895 0901 30 0 0 //殴り2
	MOV 35 0930 0935 40 0 0 //殴り3
	MOV 37 0965 0970 40 0 0 //殴り4
	//JMP SetID frame 初速度 予約 予約 予約
	JMP 	38 	995 1200 0 0 0 //アッパー

	//瞬き命令//////////
	if_mF0>	0
	{
		mF0_add -1 -1 1

		if_mF0=	2
			KAO -1 -1 1 3 1 0
		el_mF0=	4
			KAO -1 -1 1 2 1 0
		el_mF0=	5
			KAO -1 -1 1 1 1 0
		el_mF0=	6
			mF0_set	-1	-1	0
	}
	el_RAND 60
	{
		mF0_set	2	-1	1
		mF0_set	1	-1	1
		mF0_set	0	-1	1
	}
	////////////////////


/////////////////////////////////////////////////////////////////////////////////////////////////////
#EndCharMotTable
/////////////////////////////////////////////////////////////////////////////////////////////////////
