////////////////////
#CharMotTable:1043//ガシュケイルイベント
BS_401em.it3

SET 33 02  300 380   02 0000 //ひるむ（一定ダメージで痛がる）
SET 49 42  1980 2074   42 0000 //首伸び状態　体振り回し（アドルを吹き飛ばす）
SET 50 02  2085 2235  -01 0000 //触手振り回し攻撃用根元の動き
SET 36 36  675 734  -01 0000 //首が縮んだ状態待機
SET 37 38  745 784  -01 0000 //首が縮んだ状態口開け（クチバシに一体ダメージで開く）
SET 38 38  795 854  -01 0000 //首が縮んだ状態口開け待機
SET 39 02  865 894  -01 0000 //首が出る（口開け）（一定時間経過で首が戻る）（37→）
SET 40 02  905 934  -01 0000 //首が出る（口閉じ）（36→）
SET 02 02  10 	89  -01 0000 //待機
SET 31 02  100 194  -01 0000 //体振り回し（葉に乗ったアドルを吹き飛ばす）
SET 32 02  205 289   02 0000 //種吐きつけ
SET 34 02  390 569  -01 0000 //怒る(後半戦へ）ほえる
SET 35 36  580 664  -01 0000 //首が縮む（首の弱点に一定ダメージで縮む）
SET 41 42  945 1064  42 0000 //首が伸びる(触手全滅後）
SET 42 42  1075 1154  -01 0000 //首が伸びた状態待機
SET 43 -1  1165 1404   42 0000 //頭たたきつけ
SET 44 -1  1415 1619   42 0000 //噛み付き
SET 45 42  1630 1874   42 0000 //頭振り回し
SET 46 47  1885 1928  -01 0000 //首伸び状態　種吐きつけ始め
SET 47 48  1929 1952  -01 0000 //　　　　　　　　　　　roop
SET 48 42  1953 1969   42 0000 //　　　　　　　　　　　終わり

#EndCharMotTable

