//====================================================================
//ステ`ジトラップスクリプト
//====================================================================

#ScriptTable

//--------------------------------------------------------------------
INIT
{

//  -------  no typ     tip      x    y   z    mot  向 状  000+++++++010+++++++020+++++++030+++++++040+++++++050+++++++060+++++++070+++++++080+++++++090+++++++100+++++++110+++++++120+++++++130+++++++140+++++++150+++++++160+++++++170+++++++180+++++++190+++++++200+++++++210+++++++220+++++++230+++++++240+++++++250++
//■A段
	set_chr( 90,520,	3,1,   450,-300,  0,  	 0,  0,	0,";")			//A段り（れない）6,"K0_1;"
	set_chr( 91,521,	4,1,  -450,-300,  0,  	 0,  0,	6,"K0_10008;")	//A段Mみ

//■キャラオブジェクト
	set_chr( 1,626,	4,1,   -1200,500,  0,  	 0,  0,	0,"") //スロット
	set_chr( 1,630,	4,1,   -800,500,  0,  	 2,  0,	5,"") //タル
	set_chr( 1,631,	4,1,   -400,500,  0,  	 2,  0,	5,"") //爆タル
	set_chr( 1,632,	4,1,    000,500,  0,  	 2,  0,	0,"") //バリケ`ド
	set_chr( 1,634,	4,2,   -1200,-700,  0, 	 2,  0,	0,"") //ハニワ
	set_chr( 1,635,	4,2,   -800,-700,  0,    2, 0,	0,"") //
	set_chr( 1,636,	4,2,   -400,-700,  0,    2, 0,	0,"") //L船
	set_chr( 1,642,	4,2,    100,-700,  0,    2, 0,	0,"") //爆で菠寡
	set_chr( 1,638,	4,2,   -1200,-100,  0,    2, 0,	0,"") //溶岩の柱
	set_chr( 1,639,	4,2,   -800,-100,  0,    2, 0,	0,"") //砂の柱
	set_chr( 1,640,	4,2,   -400,-100,  0,    2, 0,	0,"") //Lの柱
	set_chr( 1,637,	4,2,    000,-100,  0,    2, 0,	0,"") //辘沃
	set_chr( 1,654,	1,1,    400, -400,  0,    2, 0,	0,"") //ル`ト案内看板
	set_chr( 1,654,	1,1,    600, -400,  0,    3, 0,	0,"") //ル`ト案内看板
	set_chr( 1,654,	1,1,    800, -400,  0,    4, 0,	0,"") //ル`ト案内看板
	set_chr( 1,654,	1,1,    1000, -400,  0,    5, 0,	0,"") //ル`ト案内看板
	set_chr( 1,654,	1,1,    1200, -400,  0,    6, 0,	0,"") //ル`ト案内看板
	set_chr( 1,655,	1,1,    1400, -400,  0,    2, 0,	0,"") //矢印看板
	set_chr( 1,655,	1,1,    1600, -400,  0,    3, 0,	0,"") //矢印看板
	set_chr( 1,655,	1,1,    1800, -400,  0,    4, 0,	0,"") //矢印看板
	set_chr( 1,655,	1,1,    2000, -400,  0,    5, 0,	0,"") //矢印看板
	set_chr( 1,656,	1,1,    -500, 000,  0,    2, 270,	0,"") //信号C
	set_chr( 1,656,	1,1,    -500, 400,  0,    3, 270,	0,"") //信号C
	set_chr( 1,656,	1,1,    -500, 800,  0,    4, 270,	0,"") //信号C
	set_chr( 1,643,	1,1,    000, 0000,  0,    0, 0,	0,"") //キノコ
	set_chr( 1,648,	1,1,    400, 0000,  0,    0, 0,	0,"") //レベルプレ`ト
	set_chr( 1,649,	1,1,    800, 0000,  0,    0, 0,	0,"") //フットスイッチ
	set_chr( 1,650,	1,1,    1200, 0000,  0,    0, 0,	0,"") //苗床
	set_chr( 1,660,	1,1,    1600, 0000,  0,    0, 0,	0,"") //プロペラ移哟
	set_chr( 1,657,	1,1,    2000, 0000,  0,    0, 0,	0,"") //ハテナ看板
	set_chr( 1,644,	1,1,    0000, 0500,  0,    0, 0,	0,"") //ショ`ト女神像
	set_chr( 1,645,	1,1,    0400, 0500,  0,    0, 0,	0,"") //ショ`ト女神像台座
	set_chr( 1,646,	1,1,    0800, 0500,  0,    0, 0,	0,"") //ロング女神像
	set_chr( 1,647,	1,1,    1200, 0500,  0,    0, 0,	0,"") //ロング女神像台座
	//set_chr( 1,651,	1,1,    1600, 0500,  0,    0, 0,	0,"") //制移鹰抓飑`ト
	set_chr( 1,652,	1,1,    2000, 0500,  0,    0, 0,	0,"") //ブランク床
	set_chr( 1,658,	1,1,    0000, 1000,  0,    0, 0,	0,"") //工事中看板
	set_chr( 1,659,	1,1,    0400, 1000,  0,    0, 0,	0,"") //移哟泊
	set_chr( 1,664,	1,1,    0800, 1000,  0,    0, 0,	0,"") //豆球
	//set_chr( 1,663,	1,1,    1200, 1000,  0,    0, 0,	0,"") //辘巫
	set_chr( 1,665,	1,1,    1600, 1000,  0,    0, 0,	0,"") //コング
	set_chr( 1,666,	1,1,    2000, 1000,  0,    0, 0,	0,"") //的
	set_chr( 1,668,	1,1,    0000, 1500,  0,    0, 0,	0,"") //魔方
	set_chr( 1,669,	1,1,    0400, 1500,  0,    2, 0,	0,"") //扇LC
	set_chr( 1,670,	1,1,    0800, 1500,  0,    2, 0,	0,"") //麻
	//set_chr( 1,671,	1,1,    1200, 1500,  0,    2, 0,	0,"") //浃铯晟砟救
	set_chr( 1,667,	1,1,    1600, 1500,  0,    0, 0,	0,"") //雪玉

	set_chr( 1,672,	1,1,    2000, 1500,  0,    0, 0,	0,"") //ジャンプ台
	set_chr( 1,802,	1,1,    0000, 2000,  0,    2, 0,	0,"") //

	set_chr( 1,804,	1,1,    0400, 2000,  0,    0, 0,	0,"") //看板
	set_chr( 1,808,	1,1,    0800, 2000,  0,    3, 0,	0,"") //トゲ球
	set_chr( 1,809,	1,1,    1200, 2000,  0,    0, 0,	0,"") //トゲ床
	set_chr( 1,870,	1,1,    1800, 2000,  0,    0, 0,	0,"") //eらめく毛

	set_chr( 1,620,	1,4,    0000, 0000,  0,    2, 0,	0,"") //茶屋
	set_chr( 1,560,	1,4,    0400, 0000,  0,    2, 0,	0,"") //宝箱（K）
	set_chr( 1,561,	1,4,    0800, 0000,  0,    2, 0,	0,"") //宝箱（上）
	set_chr( 1,562,	1,4,    1200, 0000,  0,    2, 0,	0,"") //木箱
	set_chr( 1,570,	1,4     1600, 0000,  0,    2, 0,	0,"") //スイッチ01
	set_chr( 1,571,	1,4,    2000, 0000,  0,    2, 0,	0,"") //スイッチ02
	set_chr( 1,590,	1,4,    0000, 0500,  0,    2, 0,	0,"") //重し（移涌桑
	//set_chr( 1,621,	1,4,    0400, 0500,  0,    2, 0,	0,"") //石像（寝）
	//set_chr( 1,622,	1,4,    0800, 0500,  0,    2, 0,	0,"") //石像（髑t）
	set_chr( 1,623,	1,4,    1200, 0500,  0,    2, 0,	0,"") //ガスコンロ
	set_chr( 1,624,	1,4,    1600, 0500,  0,    2, 0,	0,"") //回刃

	set_chr( 1,633,	3,1,   -600,0,  0,      2,  270,	0,"") //ヒビ壁
	set_chr( 1,633,	3,1,   -1000,0,  0,      2,  90,	0,"") //ヒビ壁
	set_chr( 1,635,	3,2,   -1000,0,  0,      2, 270,	0,"") //
	set_chr( 1,632,	4,3,   00,-400,  0,  	 2,  0,	0,"") //バリケ`ド
	set_chr( 1,632,	4,3,   00,00,   0,  	 2,  0,	0,"") //バリケ`ド
	set_chr( 1,632,	4,3,   00,400,  0,  	 2,  0,	0,"") //バリケ`ド
	set_chr( 1,628,	8,1,   -400,00,  	0,   0,  90,	0,"")//糯
	set_chr( 1,627,	8,1,   -600,00,  0,  	 0,  90,	0,"")//判
	set_chr( 1,698,	8,1,   -200,00,  0,  	 0,  90,	0,"")//胖
	set_chr( 1,629,	8,2,   00,-500,  0,  	 0,  0,	0,"")
	set_chr( 1,629,	8,2,   00,500,  0,  	 0,  180,0,"")
	set_chr( 1,641,	6,4,   400,000,  0,    2, 0,	0,"") //パラボラアンテナ
	set_chr( 1,810,	6,4,   -400,000,  0,    2, 0,	0,"") //大h
	set_chr( 1,850,	3,4,   0000,0300,  0,  	 2,  0,	0,"") //w行C（青）
	set_chr( 1,852,	3,4,   0600,0300,  0,  	 2,  0,	0,"") //w行C①テスト
	set_chr( 1,858,	3,4,   1200,0000,  0,  	 2,  0,	0,"") //w行C⑦テスト
	set_chr( 1,854,	3,4,   0000,1600,  0,  	 2,  0,	0,"") //w行C③テスト
	set_chr( 1,859,	3,4,   1800,0700,  0,  	 2,  0,	0,"") //w行C⑧テスト
	set_chr( 1,856,	3,4,   0800,1900,  0,  	 2,  0,	0,"") //w行C⑤テスト
	set_chr( 1,857,	3,4,   1400,1900,  0,  	 2,  0,	0,"") //w行C⑥テスト
//	set_chr( 1,858,	3,4,   2000,1800,  0,  	 2,  0,	0,"") //w行C⑦テスト
//	set_chr( 1,859,	3,4,   0600,1800,  0,  	 2,  0,	0,"") //w行C④テスト
//	set_chr( 1,860,	3,4,   1200,1800,  0,  	 2,  0,	0,"") //w行C⑨テスト
//	set_chr( 1,861,	3,4,   1800,1800,  0,  	 2,  0,	0,"") //w行C⑩テスト


//■マップオブジェクト
	//ファイル名		tipXY	+XYZ		向き
	set_obj("obx0494",	3,2,	 0,0,0,		 0) //沼
	set_obj("obx0504",	3,2,	 0,-500,0,	 0) //毒沼
	set_obj("obx0514",	3,2,	 0,-1000,0,	 0) //穴
	set_obj("obx0534",	6,1,	 0,0,0,		 0) //沼大
	set_obj("obx0524",	6,2,	 0,0,0,		 0) //穴大
	set_obj("obx0044",	7,2,	 0,0,0,		 0) //立体交差用
	set_obj("obx0554",	7,1,	 0,0,0,		 0) //毒沼大
//リフト
	set_obj("obx0524",	7,4,	 0,0,0,		 0) //穴大
	set_chr( 1,673,		7,4,     0,-1050,  0,  	 2,  0,	0,"")
	set_chr( 1,673,		7,4,     0,1050,  0,  	 2,  180,	0,"")
	set_chr( 1,653,		7,4,     0,0,  0,  	 2,  0,	0,"")
	set_chr( 1,661,		7,4,     0,-300,  0,  	 2,  0,	0,"")
	set_obj("obx0524",	8,4,	 0,0,0,		 0) //穴大
	set_chr( 1,673,		8,4,     0,-1050,  0,  	 2,  0,	0,"")
	set_chr( 1,673,		8,4,     0,1050,  0,  	 2,  180,	0,"")
	set_chr( 1,653,		8,4,     0,0,  0,  	 2,  0,	0,"")
	set_chr( 1,662,		8,4,     0,-300,  0,  	 2,  0,	0,"")
}



#EndScriptTable
//====================================================================

